  17.66      1 
  18.32      2 
  14.53      3 
  13.21      4 
  12.07      5 
  11.26      6 
  10.69      7 
  10.09      8 
   9.61      9 
   9.13     10 
   8.62     11 
   8.26     12 
   7.94     13 
   7.63     14 
   7.32     15 
   7.09     16 
   6.82     17 
   6.60     18 
   6.31     19 
   6.15     20 
   5.94     21 
   5.75     22 
   5.56     23 
   5.33     24 
   5.20     25 
   5.05     26 
   4.93     27 
   4.77     28 
   4.64     29 
   4.53     30 
   4.41     31 
   4.30     32 
   4.19     33 
   4.14     34 
   4.03     35 
   3.96     36 
   3.86     37 
   3.79     38 
   3.69     39 
   3.59     40 
   3.50     41 
   3.43     42 
   3.37     43 
   3.30     44 
   3.23     45 
   3.15     46 
   3.08     47 
   3.02     48 
   2.90     49 
   2.86     50 
   2.82     51 
   2.74     52 
   2.66     53 
   2.63     54 
   2.56     55 
   2.51     56 
   2.44     57 
   2.40     58 
   2.32     59 
   2.29     60 
   2.24     61 
   2.15     62 
   2.10     63 
   2.06     64 
   1.98     65 
   1.95     66 
   1.88     67 
   1.82     68 
   1.75     69 
   1.69     70 
   1.64     71 
   1.57     72 
   1.54     73 
   1.48     74 
   1.43     75 
   1.35     76 
   1.27     77 
   1.22     78 
   1.17     79 
   1.13     80 
   1.05     81 
   1.00     82 
   0.94     83 
   0.89     84 
   0.86     85 
   0.81     86 
   0.75     87 
   0.69     88 
   0.63     89 
   0.58     90 
   0.56     91 
   0.52     92 
   0.45     93 
   0.40     94 
   0.34     95 
   0.29     96 
   0.24     97 
   0.16     98 
   0.10     99 
   0.00    100 
  14.88      1 
  16.21      2 
  16.95      3 
  13.70      4 
  12.47      5 
  11.56      6 
  10.83      7 
  10.20      8 
   9.63      9 
   9.19     10 
   8.74     11 
   8.35     12 
   8.02     13 
   7.68     14 
   7.44     15 
   7.13     16 
   6.83     17 
   6.60     18 
   6.33     19 
   6.12     20 
   5.89     21 
   5.65     22 
   5.51     23 
   5.41     24 
   5.26     25 
   5.07     26 
   4.90     27 
   4.80     28 
   4.73     29 
   4.57     30 
   4.43     31 
   4.34     32 
   4.25     33 
   4.10     34 
   3.99     35 
   3.93     36 
   3.81     37 
   3.77     38 
   3.69     39 
   3.59     40 
   3.50     41 
   3.43     42 
   3.34     43 
   3.29     44 
   3.23     45 
   3.16     46 
   3.07     47 
   3.04     48 
   2.97     49 
   2.91     50 
   2.81     51 
   2.77     52 
   2.70     53 
   2.65     54 
   2.59     55 
   2.54     56 
   2.44     57 
   2.39     58 
   2.33     59 
   2.27     60 
   2.25     61 
   2.16     62 
   2.12     63 
   2.05     64 
   1.98     65 
   1.91     66 
   1.87     67 
   1.82     68 
   1.74     69 
   1.70     70 
   1.66     71 
   1.57     72 
   1.52     73 
   1.46     74 
   1.43     75 
   1.36     76 
   1.32     77 
   1.27     78 
   1.20     79 
   1.15     80 
   1.10     81 
   1.02     82 
   0.97     83 
   0.91     84 
   0.85     85 
   0.82     86 
   0.76     87 
   0.71     88 
   0.67     89 
   0.62     90 
   0.57     91 
   0.51     92 
   0.47     93 
   0.43     94 
   0.38     95 
   0.32     96 
   0.23     97 
   0.16     98 
   0.10     99 
   0.00    100 
  13.68      1 
  14.06      2 
  15.32      3 
  16.27      4 
  13.09      5 
  11.89      6 
  10.95      7 
  10.40      8 
   9.78      9 
   9.33     10 
   8.95     11 
   8.59     12 
   8.14     13 
   7.83     14 
   7.49     15 
   7.20     16 
   6.94     17 
   6.73     18 
   6.54     19 
   6.29     20 
   6.06     21 
   5.93     22 
   5.70     23 
   5.50     24 
   5.34     25 
   5.20     26 
   5.04     27 
   4.92     28 
   4.80     29 
   4.65     30 
   4.56     31 
   4.42     32 
   4.31     33 
   4.19     34 
   4.09     35 
   4.03     36 
   3.90     37 
   3.82     38 
   3.73     39 
   3.63     40 
   3.55     41 
   3.49     42 
   3.41     43 
   3.34     44 
   3.26     45 
   3.23     46 
   3.12     47 
   3.11     48 
   2.96     49 
   2.95     50 
   2.86     51 
   2.76     52 
   2.74     53 
   2.63     54 
   2.52     55 
   2.48     56 
   2.40     57 
   2.35     58 
   2.32     59 
   2.27     60 
   2.18     61 
   2.12     62 
   2.10     63 
   2.01     64 
   1.95     65 
   1.87     66 
   1.84     67 
   1.79     68 
   1.73     69 
   1.69     70 
   1.59     71 
   1.59     72 
   1.53     73 
   1.48     74 
   1.39     75 
   1.33     76 
   1.31     77 
   1.22     78 
   1.20     79 
   1.14     80 
   1.08     81 
   1.01     82 
   0.96     83 
   0.90     84 
   0.87     85 
   0.82     86 
   0.78     87 
   0.71     88 
   0.64     89 
   0.60     90 
   0.57     91 
   0.51     92 
   0.47     93 
   0.39     94 
   0.35     95 
   0.29     96 
   0.23     97 
   0.17     98 
   0.11     99 
   0.00    100 
  12.35      1 
  12.48      2 
  12.96      3 
  14.19      4 
  15.08      5 
  12.03      6 
  11.13      7 
  10.44      8 
   9.81      9 
   9.25     10 
   8.85     11 
   8.33     12 
   8.01     13 
   7.71     14 
   7.42     15 
   7.13     16 
   6.88     17 
   6.58     18 
   6.29     19 
   6.14     20 
   5.95     21 
   5.70     22 
   5.60     23 
   5.37     24 
   5.21     25 
   5.04     26 
   4.94     27 
   4.81     28 
   4.71     29 
   4.56     30 
   4.44     31 
   4.31     32 
   4.22     33 
   4.11     34 
   4.04     35 
   3.96     36 
   3.87     37 
   3.80     38 
   3.70     39 
   3.58     40 
   3.49     41 
   3.41     42 
   3.35     43 
   3.25     44 
   3.22     45 
   3.14     46 
   3.10     47 
   3.02     48 
   2.95     49 
   2.84     50 
   2.78     51 
   2.72     52 
   2.68     53 
   2.63     54 
   2.56     55 
   2.50     56 
   2.46     57 
   2.39     58 
   2.33     59 
   2.27     60 
   2.19     61 
   2.13     62 
   2.09     63 
   2.03     64 
   1.97     65 
   1.92     66 
   1.86     67 
   1.81     68 
   1.75     69 
   1.70     70 
   1.63     71 
   1.57     72 
   1.52     73 
   1.45     74 
   1.39     75 
   1.38     76 
   1.31     77 
   1.25     78 
   1.19     79 
   1.14     80 
   1.07     81 
   1.00     82 
   0.97     83 
   0.90     84 
   0.87     85 
   0.80     86 
   0.76     87 
   0.70     88 
   0.66     89 
   0.58     90 
   0.57     91 
   0.51     92 
   0.45     93 
   0.43     94 
   0.36     95 
   0.30     96 
   0.24     97 
   0.18     98 
   0.11     99 
   0.00    100 
  11.63      1 
  11.77      2 
  11.95      3 
  12.39      4 
  13.49      5 
  14.35      6 
  11.56      7 
  10.67      8 
   9.98      9 
   9.37     10 
   8.90     11 
   8.45     12 
   7.99     13 
   7.68     14 
   7.42     15 
   7.06     16 
   6.80     17 
   6.53     18 
   6.30     19 
   6.05     20 
   5.89     21 
   5.67     22 
   5.50     23 
   5.37     24 
   5.22     25 
   5.05     26 
   4.92     27 
   4.81     28 
   4.68     29 
   4.55     30 
   4.42     31 
   4.33     32 
   4.24     33 
   4.15     34 
   4.01     35 
   3.91     36 
   3.84     37 
   3.76     38 
   3.65     39 
   3.55     40 
   3.47     41 
   3.45     42 
   3.37     43 
   3.29     44 
   3.20     45 
   3.15     46 
   3.09     47 
   3.05     48 
   2.97     49 
   2.88     50 
   2.81     51 
   2.80     52 
   2.68     53 
   2.63     54 
   2.58     55 
   2.50     56 
   2.42     57 
   2.38     58 
   2.32     59 
   2.24     60 
   2.21     61 
   2.16     62 
   2.10     63 
   2.04     64 
   2.00     65 
   1.92     66 
   1.86     67 
   1.78     68 
   1.73     69 
   1.66     70 
   1.62     71 
   1.59     72 
   1.55     73 
   1.50     74 
   1.44     75 
   1.36     76 
   1.29     77 
   1.23     78 
   1.18     79 
   1.13     80 
   1.06     81 
   1.02     82 
   0.96     83 
   0.90     84 
   0.86     85 
   0.80     86 
   0.74     87 
   0.71     88 
   0.68     89 
   0.61     90 
   0.55     91 
   0.51     92 
   0.44     93 
   0.41     94 
   0.36     95 
   0.30     96 
   0.25     97 
   0.18     98 
   0.11     99 
   0.00    100 
  10.54      1 
  10.59      2 
  10.88      3 
  11.19      4 
  11.68      5 
  12.83      6 
  13.89      7 
  11.03      8 
  10.12      9 
   9.44     10 
   8.94     11 
   8.51     12 
   8.06     13 
   7.78     14 
   7.43     15 
   7.10     16 
   6.91     17 
   6.63     18 
   6.38     19 
   6.17     20 
   5.98     21 
   5.76     22 
   5.59     23 
   5.39     24 
   5.25     25 
   5.08     26 
   4.88     27 
   4.76     28 
   4.66     29 
   4.52     30 
   4.38     31 
   4.28     32 
   4.16     33 
   4.07     34 
   3.98     35 
   3.90     36 
   3.81     37 
   3.70     38 
   3.65     39 
   3.58     40 
   3.51     41 
   3.43     42 
   3.34     43 
   3.26     44 
   3.20     45 
   3.14     46 
   3.09     47 
   3.03     48 
   2.97     49 
   2.90     50 
   2.80     51 
   2.73     52 
   2.68     53 
   2.57     54 
   2.55     55 
   2.46     56 
   2.41     57 
   2.38     58 
   2.28     59 
   2.22     60 
   2.17     61 
   2.15     62 
   2.09     63 
   2.01     64 
   1.95     65 
   1.90     66 
   1.86     67 
   1.79     68 
   1.73     69 
   1.68     70 
   1.62     71 
   1.57     72 
   1.54     73 
   1.49     74 
   1.43     75 
   1.38     76 
   1.29     77 
   1.22     78 
   1.15     79 
   1.10     80 
   1.06     81 
   0.99     82 
   0.95     83 
   0.90     84 
   0.87     85 
   0.82     86 
   0.77     87 
   0.70     88 
   0.65     89 
   0.62     90 
   0.56     91 
   0.48     92 
   0.45     93 
   0.41     94 
   0.34     95 
   0.26     96 
   0.24     97 
   0.18     98 
   0.10     99 
   0.00    100 
  10.05      1 
  10.10      2 
  10.18      3 
  10.37      4 
  10.70      5 
  11.08      6 
  12.04      7 
  13.17      8 
  10.53      9 
   9.66     10 
   9.15     11 
   8.69     12 
   8.19     13 
   7.85     14 
   7.48     15 
   7.21     16 
   6.90     17 
   6.64     18 
   6.42     19 
   6.23     20 
   6.02     21 
   5.83     22 
   5.61     23 
   5.45     24 
   5.25     25 
   5.11     26 
   4.98     27 
   4.81     28 
   4.72     29 
   4.60     30 
   4.47     31 
   4.34     32 
   4.22     33 
   4.12     34 
   4.02     35 
   3.93     36 
   3.83     37 
   3.74     38 
   3.66     39 
   3.58     40 
   3.51     41 
   3.48     42 
   3.38     43 
   3.30     44 
   3.27     45 
   3.14     46 
   3.10     47 
   3.05     48 
   2.98     49 
   2.87     50 
   2.83     51 
   2.77     52 
   2.69     53 
   2.61     54 
   2.55     55 
   2.46     56 
   2.42     57 
   2.36     58 
   2.32     59 
   2.27     60 
   2.22     61 
   2.16     62 
   2.09     63 
   2.03     64 
   1.96     65 
   1.93     66 
   1.89     67 
   1.80     68 
   1.77     69 
   1.71     70 
   1.65     71 
   1.58     72 
   1.53     73 
   1.49     74 
   1.43     75 
   1.35     76 
   1.31     77 
   1.24     78 
   1.17     79 
   1.13     80 
   1.05     81 
   1.00     82 
   0.95     83 
   0.88     84 
   0.85     85 
   0.82     86 
   0.78     87 
   0.69     88 
   0.63     89 
   0.59     90 
   0.54     91 
   0.50     92 
   0.44     93 
   0.40     94 
   0.36     95 
   0.30     96 
   0.22     97 
   0.20     98 
   0.10     99 
   0.00    100 
   9.14      1 
   9.35      2 
   9.48      3 
   9.70      4 
   9.98      5 
  10.18      6 
  10.64      7 
  11.55      8 
  12.59      9 
  10.08     10 
   9.27     11 
   8.75     12 
   8.30     13 
   7.86     14 
   7.48     15 
   7.18     16 
   6.90     17 
   6.67     18 
   6.44     19 
   6.18     20 
   6.03     21 
   5.80     22 
   5.63     23 
   5.47     24 
   5.30     25 
   5.08     26 
   5.00     27 
   4.85     28 
   4.72     29 
   4.55     30 
   4.46     31 
   4.36     32 
   4.27     33 
   4.15     34 
   4.03     35 
   3.96     36 
   3.88     37 
   3.77     38 
   3.65     39 
   3.59     40 
   3.49     41 
   3.42     42 
   3.38     43 
   3.28     44 
   3.20     45 
   3.12     46 
   3.04     47 
   3.00     48 
   2.93     49 
   2.89     50 
   2.79     51 
   2.73     52 
   2.67     53 
   2.61     54 
   2.52     55 
   2.47     56 
   2.39     57 
   2.37     58 
   2.30     59 
   2.25     60 
   2.21     61 
   2.15     62 
   2.07     63 
   1.99     64 
   1.96     65 
   1.95     66 
   1.85     67 
   1.80     68 
   1.73     69 
   1.68     70 
   1.60     71 
   1.56     72 
   1.51     73 
   1.43     74 
   1.40     75 
   1.33     76 
   1.27     77 
   1.20     78 
   1.16     79 
   1.10     80 
   1.06     81 
   0.97     82 
   0.92     83 
   0.87     84 
   0.81     85 
   0.76     86 
   0.73     87 
   0.68     88 
   0.62     89 
   0.57     90 
   0.52     91 
   0.47     92 
   0.43     93 
   0.37     94 
   0.33     95 
   0.27     96 
   0.21     97 
   0.17     98 
   0.08     99 
   0.00    100 
   8.96      1 
   9.07      2 
   9.11      3 
   9.24      4 
   9.33      5 
   9.54      6 
   9.73      7 
  10.16      8 
  11.08      9 
  12.16     10 
   9.64     11 
   8.95     12 
   8.39     13 
   7.95     14 
   7.56     15 
   7.14     16 
   6.85     17 
   6.59     18 
   6.35     19 
   6.16     20 
   5.96     21 
   5.78     22 
   5.58     23 
   5.42     24 
   5.25     25 
   5.09     26 
   4.91     27 
   4.79     28 
   4.67     29 
   4.52     30 
   4.36     31 
   4.26     32 
   4.14     33 
   4.05     34 
   3.95     35 
   3.87     36 
   3.77     37 
   3.67     38 
   3.61     39 
   3.51     40 
   3.40     41 
   3.34     42 
   3.29     43 
   3.23     44 
   3.18     45 
   3.10     46 
   3.05     47 
   3.04     48 
   2.97     49 
   2.92     50 
   2.80     51 
   2.74     52 
   2.66     53 
   2.59     54 
   2.58     55 
   2.50     56 
   2.44     57 
   2.36     58 
   2.30     59 
   2.24     60 
   2.20     61 
   2.15     62 
   2.08     63 
   2.03     64 
   1.97     65 
   1.94     66 
   1.86     67 
   1.79     68 
   1.74     69 
   1.68     70 
   1.63     71 
   1.54     72 
   1.50     73 
   1.49     74 
   1.43     75 
   1.37     76 
   1.31     77 
   1.25     78 
   1.20     79 
   1.15     80 
   1.10     81 
   1.06     82 
   0.99     83 
   0.94     84 
   0.88     85 
   0.84     86 
   0.79     87 
   0.72     88 
   0.67     89 
   0.62     90 
   0.56     91 
   0.53     92 
   0.47     93 
   0.41     94 
   0.35     95 
   0.29     96 
   0.25     97 
   0.19     98 
   0.10     99 
   0.00    100 
   8.43      1 
   8.54      2 
   8.61      3 
   8.67      4 
   8.74      5 
   8.81      6 
   9.04      7 
   9.22      8 
   9.65      9 
  10.48     10 
  11.61     11 
   9.16     12 
   8.48     13 
   8.00     14 
   7.58     15 
   7.21     16 
   6.89     17 
   6.70     18 
   6.42     19 
   6.23     20 
   6.03     21 
   5.81     22 
   5.65     23 
   5.47     24 
   5.33     25 
   5.17     26 
   5.00     27 
   4.85     28 
   4.72     29 
   4.61     30 
   4.50     31 
   4.37     32 
   4.25     33 
   4.13     34 
   4.06     35 
   4.00     36 
   3.92     37 
   3.82     38 
   3.73     39 
   3.62     40 
   3.57     41 
   3.46     42 
   3.42     43 
   3.35     44 
   3.26     45 
   3.22     46 
   3.12     47 
   3.03     48 
   2.99     49 
   2.95     50 
   2.84     51 
   2.77     52 
   2.70     53 
   2.67     54 
   2.58     55 
   2.52     56 
   2.44     57 
   2.40     58 
   2.33     59 
   2.26     60 
   2.21     61 
   2.13     62 
   2.09     63 
   2.07     64 
   1.99     65 
   1.93     66 
   1.88     67 
   1.80     68 
   1.77     69 
   1.72     70 
   1.66     71 
   1.61     72 
   1.53     73 
   1.48     74 
   1.42     75 
   1.38     76 
   1.31     77 
   1.26     78 
   1.21     79 
   1.13     80 
   1.08     81 
   1.04     82 
   0.97     83 
   0.91     84 
   0.85     85 
   0.82     86 
   0.76     87 
   0.71     88 
   0.67     89 
   0.63     90 
   0.58     91 
   0.51     92 
   0.44     93 
   0.38     94 
   0.36     95 
   0.30     96 
   0.24     97 
   0.17     98 
   0.11     99 
   0.00    100 
   7.98      1 
   8.12      2 
   8.17      3 
   8.27      4 
   8.35      5 
   8.43      6 
   8.62      7 
   8.81      8 
   9.03      9 
   9.46     10 
  10.24     11 
  11.29     12 
   8.91     13 
   8.22     14 
   7.66     15 
   7.30     16 
   6.96     17 
   6.69     18 
   6.40     19 
   6.19     20 
   5.96     21 
   5.80     22 
   5.61     23 
   5.46     24 
   5.25     25 
   5.17     26 
   5.03     27 
   4.81     28 
   4.69     29 
   4.60     30 
   4.46     31 
   4.33     32 
   4.21     33 
   4.10     34 
   4.03     35 
   3.95     36 
   3.91     37 
   3.76     38 
   3.70     39 
   3.59     40 
   3.52     41 
   3.48     42 
   3.40     43 
   3.30     44 
   3.24     45 
   3.21     46 
   3.11     47 
   3.04     48 
   3.01     49 
   2.91     50 
   2.83     51 
   2.81     52 
   2.69     53 
   2.62     54 
   2.60     55 
   2.54     56 
   2.48     57 
   2.37     58 
   2.31     59 
   2.26     60 
   2.21     61 
   2.14     62 
   2.10     63 
   2.05     64 
   1.98     65 
   1.92     66 
   1.88     67 
   1.81     68 
   1.76     69 
   1.70     70 
   1.67     71 
   1.58     72 
   1.52     73 
   1.46     74 
   1.40     75 
   1.34     76 
   1.25     77 
   1.23     78 
   1.16     79 
   1.12     80 
   1.06     81 
   1.01     82 
   0.95     83 
   0.89     84 
   0.85     85 
   0.80     86 
   0.76     87 
   0.70     88 
   0.68     89 
   0.61     90 
   0.56     91 
   0.52     92 
   0.45     93 
   0.39     94 
   0.35     95 
   0.28     96 
   0.23     97 
   0.17     98 
   0.08     99 
   0.00    100 
   7.67      1 
   7.72      2 
   7.80      3 
   7.84      4 
   8.00      5 
   8.00      6 
   8.06      7 
   8.26      8 
   8.41      9 
   8.67     10 
   9.08     11 
   9.83     12 
  10.92     13 
   8.60     14 
   7.92     15 
   7.54     16 
   7.15     17 
   6.78     18 
   6.53     19 
   6.31     20 
   6.07     21 
   5.87     22 
   5.66     23 
   5.48     24 
   5.31     25 
   5.12     26 
   4.95     27 
   4.77     28 
   4.64     29 
   4.50     30 
   4.41     31 
   4.34     32 
   4.21     33 
   4.14     34 
   4.02     35 
   3.95     36 
   3.83     37 
   3.75     38 
   3.69     39 
   3.58     40 
   3.52     41 
   3.45     42 
   3.37     43 
   3.28     44 
   3.20     45 
   3.16     46 
   3.13     47 
   3.07     48 
   2.97     49 
   2.89     50 
   2.79     51 
   2.75     52 
   2.67     53 
   2.63     54 
   2.53     55 
   2.46     56 
   2.43     57 
   2.37     58 
   2.33     59 
   2.26     60 
   2.21     61 
   2.16     62 
   2.10     63 
   2.04     64 
   2.00     65 
   1.93     66 
   1.89     67 
   1.82     68 
   1.77     69 
   1.72     70 
   1.66     71 
   1.59     72 
   1.56     73 
   1.48     74 
   1.43     75 
   1.37     76 
   1.31     77 
   1.25     78 
   1.18     79 
   1.10     80 
   1.08     81 
   1.03     82 
   0.97     83 
   0.91     84 
   0.86     85 
   0.80     86 
   0.77     87 
   0.72     88 
   0.66     89 
   0.60     90 
   0.57     91 
   0.51     92 
   0.44     93 
   0.40     94 
   0.36     95 
   0.30     96 
   0.25     97 
   0.17     98 
   0.10     99 
   0.00    100 
   7.36      1 
   7.45      2 
   7.59      3 
   7.62      4 
   7.75      5 
   7.85      6 
   7.87      7 
   8.01      8 
   8.19      9 
   8.22     10 
   8.41     11 
   8.90     12 
   9.58     13 
  10.59     14 
   8.45     15 
   7.83     16 
   7.31     17 
   6.97     18 
   6.64     19 
   6.39     20 
   6.15     21 
   5.94     22 
   5.73     23 
   5.50     24 
   5.29     25 
   5.17     26 
   5.02     27 
   4.82     28 
   4.71     29 
   4.58     30 
   4.44     31 
   4.28     32 
   4.18     33 
   4.06     34 
   3.98     35 
   3.90     36 
   3.85     37 
   3.77     38 
   3.70     39 
   3.58     40 
   3.51     41 
   3.45     42 
   3.35     43 
   3.31     44 
   3.22     45 
   3.15     46 
   3.10     47 
   3.03     48 
   2.99     49 
   2.91     50 
   2.83     51 
   2.75     52 
   2.68     53 
   2.65     54 
   2.54     55 
   2.52     56 
   2.48     57 
   2.40     58 
   2.35     59 
   2.26     60 
   2.23     61 
   2.14     62 
   2.09     63 
   2.04     64 
   1.99     65 
   1.89     66 
   1.84     67 
   1.75     68 
   1.73     69 
   1.66     70 
   1.62     71 
   1.56     72 
   1.49     73 
   1.43     74 
   1.39     75 
   1.34     76 
   1.27     77 
   1.24     78 
   1.18     79 
   1.13     80 
   1.09     81 
   1.02     82 
   0.97     83 
   0.91     84 
   0.85     85 
   0.81     86 
   0.75     87 
   0.71     88 
   0.68     89 
   0.62     90 
   0.55     91 
   0.51     92 
   0.48     93 
   0.42     94 
   0.37     95 
   0.31     96 
   0.24     97 
   0.20     98 
   0.12     99 
   0.00    100 
   6.77      1 
   6.96      2 
   7.01      3 
   7.11      4 
   7.14      5 
   7.26      6 
   7.24      7 
   7.29      8 
   7.38      9 
   7.43     10 
   7.62     11 
   7.81     12 
   8.25     13 
   8.92     14 
  10.11     15 
   7.96     16 
   7.40     17 
   6.94     18 
   6.66     19 
   6.37     20 
   6.16     21 
   5.92     22 
   5.69     23 
   5.51     24 
   5.31     25 
   5.15     26 
   4.99     27 
   4.88     28 
   4.71     29 
   4.59     30 
   4.44     31 
   4.33     32 
   4.24     33 
   4.15     34 
   4.04     35 
   3.95     36 
   3.86     37 
   3.77     38 
   3.69     39 
   3.59     40 
   3.50     41 
   3.43     42 
   3.40     43 
   3.34     44 
   3.28     45 
   3.17     46 
   3.10     47 
   3.05     48 
   2.97     49 
   2.92     50 
   2.82     51 
   2.77     52 
   2.69     53 
   2.62     54 
   2.55     55 
   2.49     56 
   2.43     57 
   2.38     58 
   2.33     59 
   2.25     60 
   2.21     61 
   2.14     62 
   2.06     63 
   2.00     64 
   1.96     65 
   1.92     66 
   1.84     67 
   1.79     68 
   1.74     69 
   1.68     70 
   1.60     71 
   1.56     72 
   1.52     73 
   1.45     74 
   1.38     75 
   1.34     76 
   1.28     77 
   1.24     78 
   1.17     79 
   1.09     80 
   1.06     81 
   1.01     82 
   0.96     83 
   0.90     84 
   0.85     85 
   0.80     86 
   0.73     87 
   0.70     88 
   0.64     89 
   0.59     90 
   0.53     91 
   0.50     92 
   0.47     93 
   0.40     94 
   0.35     95 
   0.29     96 
   0.22     97 
   0.16     98 
   0.11     99 
   0.00    100 
   6.70      1 
   6.72      2 
   6.72      3 
   6.77      4 
   6.80      5 
   6.91      6 
   6.97      7 
   7.04      8 
   7.13      9 
   7.14     10 
   7.26     11 
   7.34     12 
   7.61     13 
   8.02     14 
   8.62     15 
   9.75     16 
   7.64     17 
   7.05     18 
   6.68     19 
   6.33     20 
   6.12     21 
   5.89     22 
   5.64     23 
   5.45     24 
   5.28     25 
   5.11     26 
   4.95     27 
   4.81     28 
   4.69     29 
   4.59     30 
   4.43     31 
   4.27     32 
   4.23     33 
   4.10     34 
   3.98     35 
   3.86     36 
   3.79     37 
   3.67     38 
   3.61     39 
   3.53     40 
   3.44     41 
   3.36     42 
   3.30     43 
   3.24     44 
   3.17     45 
   3.11     46 
   3.05     47 
   3.00     48 
   2.94     49 
   2.85     50 
   2.80     51 
   2.75     52 
   2.65     53 
   2.58     54 
   2.51     55 
   2.40     56 
   2.36     57 
   2.31     58 
   2.25     59 
   2.21     60 
   2.14     61 
   2.07     62 
   2.03     63 
   1.98     64 
   1.93     65 
   1.89     66 
   1.84     67 
   1.79     68 
   1.72     69 
   1.67     70 
   1.59     71 
   1.52     72 
   1.49     73 
   1.43     74 
   1.39     75 
   1.33     76 
   1.30     77 
   1.25     78 
   1.18     79 
   1.09     80 
   1.05     81 
   1.00     82 
   0.95     83 
   0.88     84 
   0.83     85 
   0.79     86 
   0.73     87 
   0.71     88 
   0.65     89 
   0.61     90 
   0.57     91 
   0.51     92 
   0.45     93 
   0.37     94 
   0.33     95 
   0.30     96 
   0.24     97 
   0.16     98 
   0.09     99 
   0.00    100 
   6.55      1 
   6.60      2 
   6.60      3 
   6.65      4 
   6.73      5 
   6.76      6 
   6.80      7 
   6.89      8 
   6.90      9 
   6.94     10 
   7.01     11 
   7.24     12 
   7.32     13 
   7.54     14 
   7.81     15 
   8.38     16 
   9.47     17 
   7.54     18 
   6.97     19 
   6.64     20 
   6.28     21 
   6.05     22 
   5.82     23 
   5.59     24 
   5.42     25 
   5.26     26 
   5.13     27 
   4.99     28 
   4.85     29 
   4.71     30 
   4.59     31 
   4.46     32 
   4.33     33 
   4.24     34 
   4.15     35 
   4.03     36 
   3.91     37 
   3.85     38 
   3.73     39 
   3.63     40 
   3.56     41 
   3.50     42 
   3.41     43 
   3.35     44 
   3.28     45 
   3.18     46 
   3.14     47 
   3.06     48 
   3.00     49 
   2.94     50 
   2.87     51 
   2.79     52 
   2.74     53 
   2.64     54 
   2.61     55 
   2.55     56 
   2.49     57 
   2.41     58 
   2.35     59 
   2.28     60 
   2.21     61 
   2.17     62 
   2.09     63 
   2.05     64 
   1.98     65 
   1.90     66 
   1.87     67 
   1.83     68 
   1.76     69 
   1.71     70 
   1.65     71 
   1.62     72 
   1.52     73 
   1.49     74 
   1.42     75 
   1.38     76 
   1.30     77 
   1.25     78 
   1.17     79 
   1.13     80 
   1.07     81 
   1.05     82 
   0.99     83 
   0.94     84 
   0.89     85 
   0.83     86 
   0.77     87 
   0.73     88 
   0.67     89 
   0.61     90 
   0.56     91 
   0.51     92 
   0.48     93 
   0.40     94 
   0.34     95 
   0.29     96 
   0.23     97 
   0.17     98 
   0.11     99 
   0.00    100 
   6.33      1 
   6.42      2 
   6.43      3 
   6.54      4 
   6.53      5 
   6.60      6 
   6.62      7 
   6.55      8 
   6.65      9 
   6.75     10 
   6.78     11 
   6.82     12 
   6.93     13 
   7.05     14 
   7.23     15 
   7.58     16 
   8.15     17 
   9.19     18 
   7.22     19 
   6.67     20 
   6.32     21 
   6.03     22 
   5.80     23 
   5.57     24 
   5.40     25 
   5.25     26 
   5.10     27 
   4.89     28 
   4.78     29 
   4.64     30 
   4.56     31 
   4.42     32 
   4.29     33 
   4.20     34 
   4.09     35 
   4.02     36 
   3.90     37 
   3.83     38 
   3.72     39 
   3.65     40 
   3.57     41 
   3.47     42 
   3.38     43 
   3.35     44 
   3.27     45 
   3.20     46 
   3.16     47 
   3.05     48 
   2.96     49 
   2.92     50 
   2.85     51 
   2.76     52 
   2.71     53 
   2.62     54 
   2.56     55 
   2.51     56 
   2.41     57 
   2.32     58 
   2.30     59 
   2.23     60 
   2.20     61 
   2.15     62 
   2.07     63 
   2.02     64 
   1.96     65 
   1.89     66 
   1.84     67 
   1.80     68 
   1.73     69 
   1.71     70 
   1.62     71 
   1.56     72 
   1.54     73 
   1.48     74 
   1.44     75 
   1.37     76 
   1.31     77 
   1.26     78 
   1.19     79 
   1.14     80 
   1.09     81 
   1.03     82 
   0.97     83 
   0.91     84 
   0.89     85 
   0.83     86 
   0.79     87 
   0.70     88 
   0.66     89 
   0.62     90 
   0.56     91 
   0.50     92 
   0.46     93 
   0.42     94 
   0.36     95 
   0.31     96 
   0.24     97 
   0.16     98 
   0.09     99 
   0.00    100 
   6.01      1 
   6.13      2 
   6.18      3 
   6.20      4 
   6.24      5 
   6.24      6 
   6.28      7 
   6.33      8 
   6.36      9 
   6.46     10 
   6.53     11 
   6.66     12 
   6.72     13 
   6.85     14 
   6.98     15 
   7.16     16 
   7.47     17 
   8.02     18 
   9.04     19 
   7.12     20 
   6.60     21 
   6.20     22 
   5.97     23 
   5.74     24 
   5.51     25 
   5.34     26 
   5.14     27 
   4.95     28 
   4.88     29 
   4.73     30 
   4.64     31 
   4.49     32 
   4.38     33 
   4.27     34 
   4.16     35 
   4.03     36 
   3.95     37 
   3.92     38 
   3.79     39 
   3.71     40 
   3.64     41 
   3.56     42 
   3.47     43 
   3.38     44 
   3.35     45 
   3.27     46 
   3.15     47 
   3.11     48 
   3.05     49 
   2.96     50 
   2.87     51 
   2.80     52 
   2.75     53 
   2.68     54 
   2.61     55 
   2.57     56 
   2.49     57 
   2.43     58 
   2.37     59 
   2.30     60 
   2.24     61 
   2.19     62 
   2.12     63 
   2.06     64 
   2.00     65 
   1.94     66 
   1.90     67 
   1.82     68 
   1.80     69 
   1.72     70 
   1.66     71 
   1.61     72 
   1.55     73 
   1.48     74 
   1.44     75 
   1.38     76 
   1.33     77 
   1.25     78 
   1.17     79 
   1.14     80 
   1.07     81 
   1.02     82 
   0.97     83 
   0.89     84 
   0.86     85 
   0.82     86 
   0.74     87 
   0.72     88 
   0.66     89 
   0.60     90 
   0.55     91 
   0.50     92 
   0.47     93 
   0.41     94 
   0.36     95 
   0.30     96 
   0.24     97 
   0.18     98 
   0.10     99 
   0.00    100 
   5.81      1 
   5.86      2 
   5.89      3 
   5.93      4 
   5.96      5 
   6.02      6 
   6.05      7 
   6.13      8 
   6.19      9 
   6.23     10 
   6.20     11 
   6.24     12 
   6.35     13 
   6.47     14 
   6.49     15 
   6.68     16 
   6.79     17 
   7.15     18 
   7.62     19 
   8.81     20 
   6.83     21 
   6.38     22 
   6.00     23 
   5.72     24 
   5.50     25 
   5.31     26 
   5.16     27 
   5.01     28 
   4.83     29 
   4.72     30 
   4.59     31 
   4.43     32 
   4.32     33 
   4.23     34 
   4.14     35 
   4.00     36 
   3.93     37 
   3.83     38 
   3.74     39 
   3.64     40 
   3.51     41 
   3.48     42 
   3.40     43 
   3.31     44 
   3.24     45 
   3.18     46 
   3.12     47 
   3.05     48 
   3.01     49 
   2.92     50 
   2.84     51 
   2.77     52 
   2.71     53 
   2.67     54 
   2.55     55 
   2.52     56 
   2.46     57 
   2.37     58 
   2.33     59 
   2.25     60 
   2.21     61 
   2.18     62 
   2.10     63 
   2.06     64 
   2.00     65 
   1.92     66 
   1.88     67 
   1.84     68 
   1.79     69 
   1.74     70 
   1.66     71 
   1.61     72 
   1.57     73 
   1.49     74 
   1.46     75 
   1.39     76 
   1.31     77 
   1.25     78 
   1.21     79 
   1.16     80 
   1.12     81 
   1.07     82 
   0.98     83 
   0.96     84 
   0.90     85 
   0.85     86 
   0.81     87 
   0.74     88 
   0.70     89 
   0.65     90 
   0.57     91 
   0.53     92 
   0.46     93 
   0.39     94 
   0.36     95 
   0.29     96 
   0.22     97 
   0.15     98 
   0.09     99 
   0.00    100 
   5.51      1 
   5.55      2 
   5.53      3 
   5.65      4 
   5.69      5 
   5.76      6 
   5.76      7 
   5.84      8 
   5.89      9 
   5.89     10 
   5.98     11 
   6.03     12 
   6.08     13 
   6.10     14 
   6.19     15 
   6.31     16 
   6.47     17 
   6.65     18 
   6.97     19 
   7.43     20 
   8.56     21 
   6.73     22 
   6.17     23 
   5.88     24 
   5.61     25 
   5.41     26 
   5.23     27 
   5.05     28 
   4.87     29 
   4.74     30 
   4.57     31 
   4.44     32 
   4.35     33 
   4.22     34 
   4.09     35 
   3.98     36 
   3.96     37 
   3.85     38 
   3.70     39 
   3.68     40 
   3.63     41 
   3.48     42 
   3.43     43 
   3.37     44 
   3.29     45 
   3.20     46 
   3.16     47 
   3.08     48 
   3.00     49 
   2.91     50 
   2.87     51 
   2.80     52 
   2.76     53 
   2.70     54 
   2.59     55 
   2.54     56 
   2.51     57 
   2.42     58 
   2.32     59 
   2.26     60 
   2.20     61 
   2.13     62 
   2.09     63 
   2.03     64 
   1.94     65 
   1.89     66 
   1.85     67 
   1.79     68 
   1.73     69 
   1.68     70 
   1.64     71 
   1.57     72 
   1.54     73 
   1.45     74 
   1.40     75 
   1.36     76 
   1.29     77 
   1.24     78 
   1.19     79 
   1.12     80 
   1.07     81 
   1.02     82 
   1.00     83 
   0.92     84 
   0.87     85 
   0.82     86 
   0.76     87 
   0.71     88 
   0.66     89 
   0.62     90 
   0.58     91 
   0.54     92 
   0.47     93 
   0.42     94 
   0.37     95 
   0.30     96 
   0.25     97 
   0.18     98 
   0.12     99 
   0.00    100 
   5.32      1 
   5.43      2 
   5.40      3 
   5.44      4 
   5.49      5 
   5.56      6 
   5.53      7 
   5.52      8 
   5.64      9 
   5.65     10 
   5.76     11 
   5.75     12 
   5.77     13 
   5.85     14 
   5.92     15 
   6.00     16 
   6.14     17 
   6.29     18 
   6.45     19 
   6.72     20 
   7.14     21 
   8.25     22 
   6.38     23 
   5.99     24 
   5.66     25 
   5.44     26 
   5.24     27 
   5.04     28 
   4.86     29 
   4.69     30 
   4.58     31 
   4.43     32 
   4.29     33 
   4.20     34 
   4.06     35 
   3.96     36 
   3.87     37 
   3.77     38 
   3.70     39 
   3.61     40 
   3.52     41 
   3.42     42 
   3.40     43 
   3.34     44 
   3.26     45 
   3.21     46 
   3.14     47 
   3.05     48 
   3.02     49 
   2.94     50 
   2.85     51 
   2.76     52 
   2.72     53 
   2.63     54 
   2.55     55 
   2.51     56 
   2.46     57 
   2.38     58 
   2.30     59 
   2.26     60 
   2.17     61 
   2.12     62 
   2.08     63 
   2.03     64 
   1.98     65 
   1.91     66 
   1.85     67 
   1.78     68 
   1.74     69 
   1.68     70 
   1.64     71 
   1.58     72 
   1.52     73 
   1.45     74 
   1.41     75 
   1.34     76 
   1.29     77 
   1.23     78 
   1.19     79 
   1.12     80 
   1.06     81 
   1.04     82 
   0.99     83 
   0.93     84 
   0.87     85 
   0.81     86 
   0.77     87 
   0.74     88 
   0.67     89 
   0.62     90 
   0.57     91 
   0.51     92 
   0.47     93 
   0.41     94 
   0.35     95 
   0.29     96 
   0.24     97 
   0.18     98 
   0.09     99 
   0.00    100 
   5.22      1 
   5.36      2 
   5.37      3 
   5.41      4 
   5.39      5 
   5.43      6 
   5.45      7 
   5.50      8 
   5.54      9 
   5.56     10 
   5.61     11 
   5.61     12 
   5.59     13 
   5.59     14 
   5.68     15 
   5.68     16 
   5.79     17 
   5.94     18 
   6.03     19 
   6.18     20 
   6.48     21 
   7.02     22 
   8.12     23 
   6.24     24 
   5.86     25 
   5.57     26 
   5.33     27 
   5.09     28 
   4.93     29 
   4.78     30 
   4.64     31 
   4.50     32 
   4.38     33 
   4.23     34 
   4.15     35 
   4.04     36 
   3.94     37 
   3.84     38 
   3.77     39 
   3.66     40 
   3.62     41 
   3.52     42 
   3.44     43 
   3.37     44 
   3.30     45 
   3.31     46 
   3.19     47 
   3.11     48 
   3.05     49 
   3.00     50 
   2.90     51 
   2.88     52 
   2.78     53 
   2.70     54 
   2.63     55 
   2.55     56 
   2.51     57 
   2.41     58 
   2.36     59 
   2.31     60 
   2.27     61 
   2.21     62 
   2.15     63 
   2.08     64 
   2.00     65 
   1.95     66 
   1.89     67 
   1.83     68 
   1.80     69 
   1.73     70 
   1.64     71 
   1.61     72 
   1.55     73 
   1.51     74 
   1.43     75 
   1.38     76 
   1.31     77 
   1.23     78 
   1.19     79 
   1.14     80 
   1.09     81 
   1.04     82 
   1.00     83 
   0.94     84 
   0.87     85 
   0.83     86 
   0.77     87 
   0.71     88 
   0.66     89 
   0.62     90 
   0.57     91 
   0.52     92 
   0.48     93 
   0.42     94 
   0.36     95 
   0.31     96 
   0.24     97 
   0.19     98 
   0.10     99 
   0.00    100 
   5.15      1 
   5.21      2 
   5.29      3 
   5.32      4 
   5.33      5 
   5.40      6 
   5.44      7 
   5.49      8 
   5.46      9 
   5.47     10 
   5.44     11 
   5.48     12 
   5.52     13 
   5.46     14 
   5.49     15 
   5.59     16 
   5.67     17 
   5.77     18 
   5.84     19 
   5.98     20 
   6.12     21 
   6.42     22 
   6.85     23 
   8.04     24 
   6.22     25 
   5.82     26 
   5.52     27 
   5.27     28 
   5.13     29 
   4.91     30 
   4.76     31 
   4.57     32 
   4.43     33 
   4.28     34 
   4.19     35 
   4.05     36 
   3.96     37 
   3.86     38 
   3.76     39 
   3.68     40 
   3.59     41 
   3.51     42 
   3.46     43 
   3.38     44 
   3.29     45 
   3.25     46 
   3.18     47 
   3.14     48 
   3.06     49 
   2.98     50 
   2.88     51 
   2.79     52 
   2.74     53 
   2.64     54 
   2.58     55 
   2.50     56 
   2.43     57 
   2.41     58 
   2.32     59 
   2.28     60 
   2.19     61 
   2.15     62 
   2.10     63 
   2.03     64 
   1.99     65 
   1.93     66 
   1.88     67 
   1.82     68 
   1.73     69 
   1.71     70 
   1.65     71 
   1.58     72 
   1.54     73 
   1.47     74 
   1.39     75 
   1.34     76 
   1.27     77 
   1.25     78 
   1.15     79 
   1.11     80 
   1.06     81 
   1.00     82 
   0.95     83 
   0.90     84 
   0.84     85 
   0.78     86 
   0.74     87 
   0.71     88 
   0.65     89 
   0.61     90 
   0.55     91 
   0.50     92 
   0.43     93 
   0.38     94 
   0.33     95 
   0.27     96 
   0.22     97 
   0.17     98 
   0.09     99 
   0.00    100 
   4.65      1 
   4.75      2 
   4.78      3 
   4.86      4 
   4.85      5 
   4.94      6 
   4.96      7 
   4.93      8 
   4.92      9 
   4.94     10 
   5.06     11 
   5.04     12 
   5.11     13 
   5.15     14 
   5.18     15 
   5.19     16 
   5.29     17 
   5.34     18 
   5.39     19 
   5.48     20 
   5.55     21 
   5.74     22 
   6.10     23 
   6.51     24 
   7.65     25 
   5.93     26 
   5.56     27 
   5.28     28 
   5.04     29 
   4.85     30 
   4.66     31 
   4.51     32 
   4.34     33 
   4.24     34 
   4.14     35 
   4.04     36 
   3.96     37 
   3.82     38 
   3.75     39 
   3.64     40 
   3.55     41 
   3.44     42 
   3.35     43 
   3.29     44 
   3.23     45 
   3.16     46 
   3.08     47 
   3.03     48 
   2.97     49 
   2.91     50 
   2.81     51 
   2.75     52 
   2.67     53 
   2.59     54 
   2.55     55 
   2.51     56 
   2.44     57 
   2.37     58 
   2.27     59 
   2.21     60 
   2.13     61 
   2.09     62 
   2.03     63 
   1.98     64 
   1.90     65 
   1.85     66 
   1.81     67 
   1.79     68 
   1.75     69 
   1.69     70 
   1.63     71 
   1.57     72 
   1.52     73 
   1.46     74 
   1.41     75 
   1.35     76 
   1.27     77 
   1.24     78 
   1.17     79 
   1.13     80 
   1.06     81 
   1.02     82 
   0.95     83 
   0.89     84 
   0.87     85 
   0.79     86 
   0.74     87 
   0.68     88 
   0.64     89 
   0.58     90 
   0.53     91 
   0.47     92 
   0.44     93 
   0.39     94 
   0.32     95 
   0.29     96 
   0.22     97 
   0.16     98 
   0.10     99 
   0.00    100 
   4.72      1 
   4.73      2 
   4.79      3 
   4.80      4 
   4.81      5 
   4.80      6 
   4.81      7 
   4.91      8 
   4.88      9 
   4.88     10 
   4.94     11 
   5.03     12 
   5.10     13 
   5.06     14 
   5.15     15 
   5.18     16 
   5.24     17 
   5.27     18 
   5.28     19 
   5.40     20 
   5.45     21 
   5.57     22 
   5.77     23 
   6.00     24 
   6.36     25 
   7.48     26 
   5.72     27 
   5.35     28 
   5.08     29 
   4.86     30 
   4.69     31 
   4.50     32 
   4.35     33 
   4.23     34 
   4.11     35 
   4.04     36 
   3.92     37 
   3.80     38 
   3.70     39 
   3.59     40 
   3.52     41 
   3.45     42 
   3.37     43 
   3.30     44 
   3.23     45 
   3.18     46 
   3.15     47 
   3.07     48 
   3.02     49 
   2.92     50 
   2.84     51 
   2.80     52 
   2.73     53 
   2.66     54 
   2.58     55 
   2.52     56 
   2.47     57 
   2.39     58 
   2.34     59 
   2.28     60 
   2.21     61 
   2.14     62 
   2.10     63 
   2.04     64 
   1.96     65 
   1.91     66 
   1.86     67 
   1.81     68 
   1.76     69 
   1.73     70 
   1.62     71 
   1.59     72 
   1.52     73 
   1.45     74 
   1.42     75 
   1.37     76 
   1.30     77 
   1.23     78 
   1.18     79 
   1.10     80 
   1.05     81 
   1.02     82 
   0.97     83 
   0.92     84 
   0.87     85 
   0.82     86 
   0.77     87 
   0.71     88 
   0.68     89 
   0.61     90 
   0.58     91 
   0.52     92 
   0.46     93 
   0.42     94 
   0.38     95 
   0.31     96 
   0.23     97 
   0.18     98 
   0.11     99 
   0.00    100 
   4.66      1 
   4.73      2 
   4.72      3 
   4.74      4 
   4.76      5 
   4.78      6 
   4.83      7 
   4.82      8 
   4.85      9 
   4.86     10 
   4.90     11 
   4.95     12 
   4.98     13 
   4.97     14 
   4.99     15 
   5.08     16 
   5.09     17 
   5.10     18 
   5.15     19 
   5.15     20 
   5.25     21 
   5.38     22 
   5.42     23 
   5.55     24 
   5.86     25 
   6.28     26 
   7.41     27 
   5.68     28 
   5.36     29 
   5.05     30 
   4.80     31 
   4.64     32 
   4.53     33 
   4.37     34 
   4.27     35 
   4.13     36 
   4.01     37 
   3.92     38 
   3.82     39 
   3.72     40 
   3.64     41 
   3.53     42 
   3.45     43 
   3.38     44 
   3.30     45 
   3.22     46 
   3.16     47 
   3.08     48 
   3.03     49 
   2.95     50 
   2.87     51 
   2.80     52 
   2.73     53 
   2.69     54 
   2.61     55 
   2.55     56 
   2.48     57 
   2.43     58 
   2.37     59 
   2.28     60 
   2.22     61 
   2.14     62 
   2.05     63 
   2.02     64 
   1.96     65 
   1.92     66 
   1.85     67 
   1.79     68 
   1.75     69 
   1.71     70 
   1.66     71 
   1.61     72 
   1.53     73 
   1.49     74 
   1.43     75 
   1.35     76 
   1.29     77 
   1.23     78 
   1.19     79 
   1.11     80 
   1.07     81 
   1.01     82 
   0.97     83 
   0.90     84 
   0.89     85 
   0.80     86 
   0.77     87 
   0.71     88 
   0.65     89 
   0.60     90 
   0.56     91 
   0.49     92 
   0.46     93 
   0.39     94 
   0.33     95 
   0.29     96 
   0.24     97 
   0.18     98 
   0.11     99 
   0.00    100 
   4.46      1 
   4.46      2 
   4.53      3 
   4.60      4 
   4.64      5 
   4.67      6 
   4.69      7 
   4.76      8 
   4.78      9 
   4.83     10 
   4.80     11 
   4.82     12 
   4.87     13 
   4.91     14 
   4.91     15 
   4.95     16 
   4.93     17 
   4.94     18 
   5.03     19 
   5.10     20 
   5.15     21 
   5.13     22 
   5.23     23 
   5.33     24 
   5.48     25 
   5.73     26 
   6.05     27 
   7.21     28 
   5.55     29 
   5.19     30 
   4.92     31 
   4.72     32 
   4.56     33 
   4.38     34 
   4.26     35 
   4.09     36 
   3.99     37 
   3.89     38 
   3.76     39 
   3.70     40 
   3.59     41 
   3.50     42 
   3.42     43 
   3.36     44 
   3.31     45 
   3.24     46 
   3.14     47 
   3.08     48 
   3.00     49 
   2.91     50 
   2.84     51 
   2.78     52 
   2.72     53 
   2.68     54 
   2.57     55 
   2.50     56 
   2.45     57 
   2.37     58 
   2.31     59 
   2.23     60 
   2.20     61 
   2.15     62 
   2.12     63 
   2.03     64 
   1.98     65 
   1.91     66 
   1.85     67 
   1.78     68 
   1.74     69 
   1.67     70 
   1.62     71 
   1.57     72 
   1.53     73 
   1.48     74 
   1.40     75 
   1.36     76 
   1.28     77 
   1.23     78 
   1.17     79 
   1.11     80 
   1.07     81 
   1.04     82 
   0.98     83 
   0.89     84 
   0.86     85 
   0.83     86 
   0.76     87 
   0.72     88 
   0.67     89 
   0.61     90 
   0.57     91 
   0.52     92 
   0.48     93 
   0.41     94 
   0.37     95 
   0.29     96 
   0.23     97 
   0.17     98 
   0.08     99 
   0.00    100 
   4.16      1 
   4.21      2 
   4.25      3 
   4.36      4 
   4.30      5 
   4.36      6 
   4.32      7 
   4.37      8 
   4.42      9 
   4.45     10 
   4.49     11 
   4.54     12 
   4.52     13 
   4.55     14 
   4.57     15 
   4.65     16 
   4.66     17 
   4.65     18 
   4.72     19 
   4.78     20 
   4.87     21 
   4.87     22 
   4.97     23 
   5.03     24 
   5.16     25 
   5.32     26 
   5.61     27 
   5.95     28 
   7.08     29 
   5.43     30 
   5.02     31 
   4.80     32 
   4.60     33 
   4.47     34 
   4.28     35 
   4.20     36 
   4.10     37 
   4.00     38 
   3.88     39 
   3.76     40 
   3.67     41 
   3.63     42 
   3.50     43 
   3.42     44 
   3.35     45 
   3.28     46 
   3.23     47 
   3.18     48 
   3.10     49 
   2.98     50 
   2.92     51 
   2.82     52 
   2.76     53 
   2.70     54 
   2.65     55 
   2.59     56 
   2.51     57 
   2.47     58 
   2.38     59 
   2.35     60 
   2.29     61 
   2.21     62 
   2.14     63 
   2.07     64 
   2.01     65 
   1.97     66 
   1.91     67 
   1.85     68 
   1.80     69 
   1.74     70 
   1.69     71 
   1.60     72 
   1.56     73 
   1.49     74 
   1.43     75 
   1.39     76 
   1.33     77 
   1.26     78 
   1.19     79 
   1.13     80 
   1.07     81 
   1.05     82 
   0.98     83 
   0.92     84 
   0.87     85 
   0.84     86 
   0.77     87 
   0.73     88 
   0.67     89 
   0.61     90 
   0.55     91 
   0.50     92 
   0.46     93 
   0.38     94 
   0.35     95 
   0.29     96 
   0.23     97 
   0.17     98 
   0.10     99 
   0.00    100 
   4.26      1 
   4.30      2 
   4.30      3 
   4.29      4 
   4.26      5 
   4.30      6 
   4.38      7 
   4.44      8 
   4.44      9 
   4.46     10 
   4.51     11 
   4.51     12 
   4.50     13 
   4.49     14 
   4.57     15 
   4.64     16 
   4.68     17 
   4.68     18 
   4.72     19 
   4.72     20 
   4.74     21 
   4.81     22 
   4.90     23 
   4.88     24 
   4.96     25 
   5.09     26 
   5.21     27 
   5.46     28 
   5.78     29 
   6.96     30 
   5.29     31 
   4.95     32 
   4.72     33 
   4.51     34 
   4.34     35 
   4.20     36 
   4.06     37 
   3.96     38 
   3.87     39 
   3.76     40 
   3.66     41 
   3.56     42 
   3.47     43 
   3.40     44 
   3.33     45 
   3.24     46 
   3.14     47 
   3.11     48 
   3.03     49 
   2.95     50 
   2.90     51 
   2.84     52 
   2.74     53 
   2.71     54 
   2.65     55 
   2.55     56 
   2.51     57 
   2.43     58 
   2.37     59 
   2.31     60 
   2.26     61 
   2.17     62 
   2.13     63 
   2.06     64 
   1.97     65 
   1.91     66 
   1.87     67 
   1.80     68 
   1.74     69 
   1.69     70 
   1.65     71 
   1.59     72 
   1.52     73 
   1.47     74 
   1.42     75 
   1.37     76 
   1.34     77 
   1.29     78 
   1.23     79 
   1.14     80 
   1.08     81 
   1.01     82 
   0.98     83 
   0.93     84 
   0.85     85 
   0.84     86 
   0.79     87 
   0.73     88 
   0.68     89 
   0.64     90 
   0.59     91 
   0.52     92 
   0.47     93 
   0.42     94 
   0.37     95 
   0.30     96 
   0.23     97 
   0.18     98 
   0.11     99 
   0.00    100 
   4.10      1 
   4.06      2 
   4.12      3 
   4.21      4 
   4.21      5 
   4.29      6 
   4.32      7 
   4.32      8 
   4.27      9 
   4.33     10 
   4.30     11 
   4.35     12 
   4.34     13 
   4.40     14 
   4.45     15 
   4.51     16 
   4.47     17 
   4.54     18 
   4.51     19 
   4.54     20 
   4.56     21 
   4.66     22 
   4.71     23 
   4.73     24 
   4.77     25 
   4.80     26 
   4.88     27 
   5.03     28 
   5.27     29 
   5.57     30 
   6.74     31 
   5.10     32 
   4.76     33 
   4.51     34 
   4.35     35 
   4.20     36 
   4.00     37 
   3.92     38 
   3.81     39 
   3.70     40 
   3.60     41 
   3.49     42 
   3.41     43 
   3.32     44 
   3.28     45 
   3.16     46 
   3.10     47 
   3.01     48 
   2.94     49 
   2.85     50 
   2.79     51 
   2.77     52 
   2.67     53 
   2.64     54 
   2.57     55 
   2.51     56 
   2.44     57 
   2.38     58 
   2.31     59 
   2.27     60 
   2.19     61 
   2.14     62 
   2.06     63 
   2.02     64 
   1.95     65 
   1.89     66 
   1.86     67 
   1.80     68 
   1.74     69 
   1.67     70 
   1.60     71 
   1.59     72 
   1.51     73 
   1.45     74 
   1.38     75 
   1.33     76 
   1.26     77 
   1.22     78 
   1.16     79 
   1.10     80 
   1.04     81 
   0.99     82 
   0.94     83 
   0.90     84 
   0.86     85 
   0.82     86 
   0.74     87 
   0.69     88 
   0.67     89 
   0.64     90 
   0.59     91 
   0.51     92 
   0.46     93 
   0.41     94 
   0.36     95 
   0.30     96 
   0.21     97 
   0.18     98 
   0.10     99 
   0.00    100 
   4.01      1 
   4.12      2 
   4.15      3 
   4.11      4 
   4.13      5 
   4.14      6 
   4.13      7 
   4.15      8 
   4.19      9 
   4.27     10 
   4.25     11 
   4.26     12 
   4.31     13 
   4.27     14 
   4.24     15 
   4.28     16 
   4.28     17 
   4.33     18 
   4.39     19 
   4.43     20 
   4.40     21 
   4.48     22 
   4.49     23 
   4.52     24 
   4.59     25 
   4.64     26 
   4.75     27 
   4.87     28 
   5.01     29 
   5.21     30 
   5.50     31 
   6.72     32 
   5.09     33 
   4.74     34 
   4.46     35 
   4.27     36 
   4.21     37 
   4.03     38 
   3.90     39 
   3.77     40 
   3.67     41 
   3.54     42 
   3.44     43 
   3.40     44 
   3.32     45 
   3.28     46 
   3.21     47 
   3.12     48 
   3.04     49 
   2.96     50 
   2.90     51 
   2.84     52 
   2.73     53 
   2.69     54 
   2.60     55 
   2.51     56 
   2.45     57 
   2.39     58 
   2.33     59 
   2.27     60 
   2.23     61 
   2.15     62 
   2.12     63 
   2.06     64 
   2.00     65 
   1.92     66 
   1.89     67 
   1.84     68 
   1.76     69 
   1.71     70 
   1.65     71 
   1.58     72 
   1.50     73 
   1.47     74 
   1.39     75 
   1.35     76 
   1.33     77 
   1.23     78 
   1.18     79 
   1.12     80 
   1.06     81 
   0.99     82 
   0.95     83 
   0.91     84 
   0.84     85 
   0.78     86 
   0.72     87 
   0.69     88 
   0.66     89 
   0.61     90 
   0.54     91 
   0.50     92 
   0.46     93 
   0.41     94 
   0.36     95 
   0.29     96 
   0.22     97 
   0.16     98 
   0.10     99 
   0.00    100 
   3.89      1 
   3.89      2 
   4.00      3 
   3.95      4 
   4.01      5 
   4.04      6 
   4.02      7 
   4.05      8 
   4.11      9 
   4.13     10 
   4.14     11 
   4.19     12 
   4.21     13 
   4.17     14 
   4.20     15 
   4.25     16 
   4.23     17 
   4.23     18 
   4.25     19 
   4.30     20 
   4.32     21 
   4.35     22 
   4.34     23 
   4.37     24 
   4.45     25 
   4.52     26 
   4.60     27 
   4.63     28 
   4.74     29 
   4.88     30 
   5.10     31 
   5.38     32 
   6.61     33 
   4.98     34 
   4.60     35 
   4.42     36 
   4.28     37 
   4.08     38 
   4.00     39 
   3.89     40 
   3.76     41 
   3.67     42 
   3.57     43 
   3.47     44 
   3.36     45 
   3.27     46 
   3.20     47 
   3.15     48 
   3.06     49 
   3.01     50 
   2.91     51 
   2.85     52 
   2.81     53 
   2.70     54 
   2.63     55 
   2.58     56 
   2.52     57 
   2.45     58 
   2.38     59 
   2.31     60 
   2.26     61 
   2.20     62 
   2.14     63 
   2.08     64 
   2.00     65 
   1.95     66 
   1.89     67 
   1.83     68 
   1.77     69 
   1.74     70 
   1.65     71 
   1.61     72 
   1.54     73 
   1.48     74 
   1.43     75 
   1.34     76 
   1.30     77 
   1.22     78 
   1.18     79 
   1.12     80 
   1.08     81 
   1.06     82 
   0.98     83 
   0.95     84 
   0.88     85 
   0.85     86 
   0.79     87 
   0.75     88 
   0.67     89 
   0.62     90 
   0.57     91 
   0.53     92 
   0.44     93 
   0.41     94 
   0.38     95 
   0.30     96 
   0.23     97 
   0.18     98 
   0.09     99 
   0.00    100 
   3.94      1 
   3.92      2 
   3.96      3 
   3.90      4 
   3.97      5 
   3.97      6 
   4.01      7 
   3.98      8 
   3.99      9 
   4.06     10 
   4.06     11 
   4.09     12 
   4.08     13 
   4.10     14 
   4.10     15 
   4.15     16 
   4.21     17 
   4.22     18 
   4.22     19 
   4.31     20 
   4.31     21 
   4.28     22 
   4.32     23 
   4.35     24 
   4.40     25 
   4.44     26 
   4.45     27 
   4.53     28 
   4.59     29 
   4.69     30 
   4.78     31 
   5.01     32 
   5.25     33 
   6.48     34 
   4.87     35 
   4.58     36 
   4.37     37 
   4.19     38 
   4.13     39 
   3.96     40 
   3.83     41 
   3.70     42 
   3.61     43 
   3.52     44 
   3.46     45 
   3.36     46 
   3.28     47 
   3.20     48 
   3.16     49 
   3.08     50 
   3.01     51 
   2.91     52 
   2.87     53 
   2.75     54 
   2.67     55 
   2.61     56 
   2.53     57 
   2.49     58 
   2.41     59 
   2.37     60 
   2.29     61 
   2.20     62 
   2.14     63 
   2.12     64 
   2.03     65 
   1.98     66 
   1.91     67 
   1.86     68 
   1.82     69 
   1.74     70 
   1.67     71 
   1.63     72 
   1.57     73 
   1.48     74 
   1.46     75 
   1.41     76 
   1.33     77 
   1.27     78 
   1.19     79 
   1.15     80 
   1.08     81 
   1.03     82 
   0.97     83 
   0.92     84 
   0.88     85 
   0.83     86 
   0.78     87 
   0.71     88 
   0.67     89 
   0.63     90 
   0.60     91 
   0.53     92 
   0.49     93 
   0.41     94 
   0.36     95 
   0.30     96 
   0.23     97 
   0.18     98 
   0.09     99 
   0.00    100 
   3.60      1 
   3.59      2 
   3.62      3 
   3.67      4 
   3.68      5 
   3.74      6 
   3.82      7 
   3.83      8 
   3.81      9 
   3.83     10 
   3.85     11 
   3.88     12 
   3.91     13 
   3.91     14 
   3.92     15 
   3.98     16 
   3.99     17 
   3.98     18 
   3.97     19 
   4.01     20 
   4.03     21 
   4.06     22 
   4.05     23 
   4.05     24 
   4.10     25 
   4.18     26 
   4.20     27 
   4.26     28 
   4.29     29 
   4.37     30 
   4.44     31 
   4.59     32 
   4.81     33 
   5.06     34 
   6.24     35 
   4.68     36 
   4.40     37 
   4.13     38 
   3.97     39 
   3.85     40 
   3.76     41 
   3.61     42 
   3.55     43 
   3.46     44 
   3.36     45 
   3.29     46 
   3.18     47 
   3.13     48 
   3.04     49 
   2.98     50 
   2.90     51 
   2.84     52 
   2.76     53 
   2.68     54 
   2.64     55 
   2.57     56 
   2.51     57 
   2.44     58 
   2.39     59 
   2.30     60 
   2.27     61 
   2.19     62 
   2.12     63 
   2.05     64 
   1.99     65 
   1.95     66 
   1.90     67 
   1.84     68 
   1.76     69 
   1.72     70 
   1.66     71 
   1.57     72 
   1.53     73 
   1.47     74 
   1.43     75 
   1.38     76 
   1.33     77 
   1.25     78 
   1.18     79 
   1.15     80 
   1.09     81 
   1.03     82 
   0.99     83 
   0.93     84 
   0.86     85 
   0.84     86 
   0.79     87 
   0.72     88 
   0.65     89 
   0.60     90 
   0.55     91 
   0.53     92 
   0.45     93 
   0.40     94 
   0.36     95 
   0.30     96 
   0.24     97 
   0.16     98 
   0.09     99 
   0.00    100 
   3.47      1 
   3.50      2 
   3.55      3 
   3.59      4 
   3.69      5 
   3.69      6 
   3.73      7 
   3.78      8 
   3.79      9 
   3.80     10 
   3.76     11 
   3.83     12 
   3.80     13 
   3.83     14 
   3.81     15 
   3.81     16 
   3.85     17 
   3.92     18 
   3.89     19 
   3.91     20 
   3.93     21 
   3.96     22 
   3.99     23 
   4.00     24 
   4.05     25 
   4.04     26 
   4.07     27 
   4.12     28 
   4.16     29 
   4.23     30 
   4.32     31 
   4.45     32 
   4.56     33 
   4.76     34 
   5.01     35 
   6.15     36 
   4.62     37 
   4.36     38 
   4.16     39 
   3.97     40 
   3.85     41 
   3.74     42 
   3.59     43 
   3.51     44 
   3.41     45 
   3.34     46 
   3.27     47 
   3.22     48 
   3.16     49 
   3.04     50 
   2.95     51 
   2.89     52 
   2.79     53 
   2.69     54 
   2.66     55 
   2.58     56 
   2.50     57 
   2.41     58 
   2.40     59 
   2.32     60 
   2.27     61 
   2.19     62 
   2.14     63 
   2.10     64 
   2.02     65 
   1.95     66 
   1.86     67 
   1.81     68 
   1.74     69 
   1.70     70 
   1.62     71 
   1.57     72 
   1.51     73 
   1.47     74 
   1.42     75 
   1.38     76 
   1.29     77 
   1.23     78 
   1.18     79 
   1.13     80 
   1.07     81 
   1.02     82 
   0.94     83 
   0.89     84 
   0.83     85 
   0.78     86 
   0.73     87 
   0.70     88 
   0.66     89 
   0.61     90 
   0.54     91 
   0.50     92 
   0.46     93 
   0.39     94 
   0.36     95 
   0.30     96 
   0.23     97 
   0.18     98 
   0.10     99 
   0.00    100 
   3.52      1 
   3.57      2 
   3.60      3 
   3.61      4 
   3.62      5 
   3.60      6 
   3.70      7 
   3.75      8 
   3.69      9 
   3.71     10 
   3.69     11 
   3.71     12 
   3.68     13 
   3.70     14 
   3.73     15 
   3.75     16 
   3.80     17 
   3.85     18 
   3.89     19 
   3.90     20 
   3.95     21 
   3.95     22 
   3.98     23 
   4.00     24 
   4.03     25 
   4.03     26 
   4.06     27 
   4.11     28 
   4.15     29 
   4.14     30 
   4.22     31 
   4.30     32 
   4.38     33 
   4.45     34 
   4.65     35 
   4.88     36 
   6.07     37 
   4.50     38 
   4.25     39 
   4.08     40 
   3.86     41 
   3.76     42 
   3.62     43 
   3.51     44 
   3.44     45 
   3.35     46 
   3.30     47 
   3.18     48 
   3.11     49 
   3.01     50 
   2.93     51 
   2.85     52 
   2.80     53 
   2.70     54 
   2.62     55 
   2.53     56 
   2.49     57 
   2.39     58 
   2.38     59 
   2.25     60 
   2.21     61 
   2.18     62 
   2.11     63 
   2.07     64 
   2.00     65 
   1.93     66 
   1.90     67 
   1.79     68 
   1.75     69 
   1.69     70 
   1.63     71 
   1.58     72 
   1.53     73 
   1.45     74 
   1.41     75 
   1.35     76 
   1.32     77 
   1.24     78 
   1.16     79 
   1.12     80 
   1.07     81 
   1.03     82 
   0.96     83 
   0.91     84 
   0.84     85 
   0.81     86 
   0.75     87 
   0.70     88 
   0.65     89 
   0.60     90 
   0.54     91 
   0.51     92 
   0.46     93 
   0.42     94 
   0.36     95 
   0.30     96 
   0.23     97 
   0.18     98 
   0.09     99 
   0.00    100 
   3.48      1 
   3.49      2 
   3.53      3 
   3.55      4 
   3.58      5 
   3.65      6 
   3.65      7 
   3.78      8 
   3.74      9 
   3.71     10 
   3.74     11 
   3.74     12 
   3.75     13 
   3.79     14 
   3.78     15 
   3.83     16 
   3.85     17 
   3.84     18 
   3.88     19 
   3.88     20 
   3.86     21 
   3.92     22 
   3.93     23 
   3.92     24 
   3.91     25 
   3.94     26 
   3.97     27 
   4.04     28 
   4.11     29 
   4.11     30 
   4.12     31 
   4.15     32 
   4.24     33 
   4.30     34 
   4.47     35 
   4.65     36 
   4.85     37 
   6.03     38 
   4.48     39 
   4.26     40 
   4.07     41 
   3.90     42 
   3.80     43 
   3.66     44 
   3.52     45 
   3.42     46 
   3.34     47 
   3.21     48 
   3.17     49 
   3.09     50 
   2.97     51 
   2.92     52 
   2.86     53 
   2.78     54 
   2.70     55 
   2.62     56 
   2.56     57 
   2.50     58 
   2.43     59 
   2.34     60 
   2.30     61 
   2.24     62 
   2.16     63 
   2.08     64 
   2.05     65 
   1.97     66 
   1.90     67 
   1.85     68 
   1.83     69 
   1.78     70 
   1.71     71 
   1.65     72 
   1.59     73 
   1.51     74 
   1.48     75 
   1.41     76 
   1.34     77 
   1.27     78 
   1.20     79 
   1.15     80 
   1.11     81 
   1.04     82 
   0.99     83 
   0.92     84 
   0.90     85 
   0.84     86 
   0.80     87 
   0.73     88 
   0.66     89 
   0.63     90 
   0.56     91 
   0.54     92 
   0.48     93 
   0.45     94 
   0.37     95 
   0.33     96 
   0.25     97 
   0.19     98 
   0.10     99 
   0.00    100 
   3.24      1 
   3.26      2 
   3.32      3 
   3.35      4 
   3.38      5 
   3.38      6 
   3.46      7 
   3.48      8 
   3.46      9 
   3.44     10 
   3.52     11 
   3.49     12 
   3.50     13 
   3.55     14 
   3.58     15 
   3.57     16 
   3.57     17 
   3.52     18 
   3.53     19 
   3.54     20 
   3.59     21 
   3.62     22 
   3.65     23 
   3.71     24 
   3.74     25 
   3.74     26 
   3.74     27 
   3.75     28 
   3.82     29 
   3.86     30 
   3.93     31 
   3.93     32 
   3.98     33 
   4.06     34 
   4.17     35 
   4.30     36 
   4.54     37 
   4.77     38 
   5.98     39 
   4.38     40 
   4.15     41 
   3.97     42 
   3.81     43 
   3.71     44 
   3.58     45 
   3.47     46 
   3.36     47 
   3.29     48 
   3.19     49 
   3.08     50 
   2.98     51 
   2.92     52 
   2.83     53 
   2.74     54 
   2.68     55 
   2.58     56 
   2.52     57 
   2.42     58 
   2.40     59 
   2.34     60 
   2.28     61 
   2.19     62 
   2.11     63 
   2.04     64 
   1.98     65 
   1.94     66 
   1.86     67 
   1.82     68 
   1.72     69 
   1.68     70 
   1.61     71 
   1.56     72 
   1.50     73 
   1.44     74 
   1.40     75 
   1.32     76 
   1.27     77 
   1.20     78 
   1.13     79 
   1.11     80 
   1.05     81 
   1.00     82 
   0.95     83 
   0.88     84 
   0.85     85 
   0.81     86 
   0.73     87 
   0.68     88 
   0.65     89 
   0.57     90 
   0.53     91 
   0.50     92 
   0.44     93 
   0.40     94 
   0.34     95 
   0.29     96 
   0.24     97 
   0.16     98 
   0.10     99 
   0.00    100 
   3.24      1 
   3.25      2 
   3.24      3 
   3.23      4 
   3.23      5 
   3.26      6 
   3.32      7 
   3.34      8 
   3.38      9 
   3.40     10 
   3.45     11 
   3.46     12 
   3.45     13 
   3.47     14 
   3.47     15 
   3.48     16 
   3.51     17 
   3.50     18 
   3.56     19 
   3.61     20 
   3.59     21 
   3.59     22 
   3.62     23 
   3.63     24 
   3.63     25 
   3.65     26 
   3.66     27 
   3.75     28 
   3.74     29 
   3.77     30 
   3.77     31 
   3.82     32 
   3.88     33 
   3.94     34 
   3.99     35 
   4.06     36 
   4.19     37 
   4.36     38 
   4.55     39 
   5.79     40 
   4.28     41 
   3.99     42 
   3.82     43 
   3.65     44 
   3.54     45 
   3.44     46 
   3.34     47 
   3.26     48 
   3.18     49 
   3.06     50 
   3.01     51 
   2.89     52 
   2.82     53 
   2.74     54 
   2.67     55 
   2.60     56 
   2.56     57 
   2.46     58 
   2.42     59 
   2.32     60 
   2.27     61 
   2.20     62 
   2.18     63 
   2.10     64 
   2.06     65 
   2.00     66 
   1.92     67 
   1.88     68 
   1.83     69 
   1.73     70 
   1.68     71 
   1.62     72 
   1.56     73 
   1.48     74 
   1.43     75 
   1.39     76 
   1.30     77 
   1.24     78 
   1.17     79 
   1.12     80 
   1.08     81 
   1.03     82 
   0.97     83 
   0.91     84 
   0.85     85 
   0.83     86 
   0.78     87 
   0.73     88 
   0.68     89 
   0.60     90 
   0.59     91 
   0.53     92 
   0.49     93 
   0.43     94 
   0.37     95 
   0.30     96 
   0.24     97 
   0.18     98 
   0.10     99 
   0.00    100 
   3.07      1 
   3.12      2 
   3.13      3 
   3.11      4 
   3.16      5 
   3.20      6 
   3.27      7 
   3.26      8 
   3.25      9 
   3.32     10 
   3.34     11 
   3.41     12 
   3.39     13 
   3.41     14 
   3.42     15 
   3.42     16 
   3.42     17 
   3.43     18 
   3.46     19 
   3.44     20 
   3.45     21 
   3.46     22 
   3.47     23 
   3.49     24 
   3.52     25 
   3.56     26 
   3.55     27 
   3.55     28 
   3.61     29 
   3.63     30 
   3.62     31 
   3.68     32 
   3.66     33 
   3.72     34 
   3.76     35 
   3.85     36 
   3.95     37 
   4.08     38 
   4.27     39 
   4.42     40 
   5.61     41 
   4.17     42 
   3.94     43 
   3.75     44 
   3.60     45 
   3.51     46 
   3.38     47 
   3.29     48 
   3.21     49 
   3.12     50 
   3.02     51 
   2.89     52 
   2.84     53 
   2.76     54 
   2.66     55 
   2.59     56 
   2.53     57 
   2.49     58 
   2.40     59 
   2.33     60 
   2.29     61 
   2.22     62 
   2.14     63 
   2.06     64 
   2.02     65 
   1.99     66 
   1.91     67 
   1.83     68 
   1.74     69 
   1.69     70 
   1.62     71 
   1.57     72 
   1.51     73 
   1.45     74 
   1.41     75 
   1.36     76 
   1.30     77 
   1.21     78 
   1.16     79 
   1.11     80 
   1.05     81 
   1.01     82 
   0.95     83 
   0.93     84 
   0.86     85 
   0.83     86 
   0.76     87 
   0.73     88 
   0.65     89 
   0.60     90 
   0.54     91 
   0.50     92 
   0.46     93 
   0.39     94 
   0.35     95 
   0.29     96 
   0.23     97 
   0.17     98 
   0.10     99 
   0.00    100 
   3.05      1 
   3.07      2 
   3.15      3 
   3.21      4 
   3.18      5 
   3.19      6 
   3.26      7 
   3.27      8 
   3.23      9 
   3.31     10 
   3.29     11 
   3.40     12 
   3.37     13 
   3.36     14 
   3.38     15 
   3.39     16 
   3.36     17 
   3.43     18 
   3.48     19 
   3.46     20 
   3.47     21 
   3.49     22 
   3.51     23 
   3.55     24 
   3.54     25 
   3.55     26 
   3.58     27 
   3.60     28 
   3.60     29 
   3.63     30 
   3.68     31 
   3.67     32 
   3.69     33 
   3.69     34 
   3.77     35 
   3.83     36 
   3.88     37 
   4.00     38 
   4.10     39 
   4.29     40 
   4.43     41 
   5.64     42 
   4.11     43 
   3.90     44 
   3.70     45 
   3.56     46 
   3.46     47 
   3.34     48 
   3.27     49 
   3.16     50 
   3.05     51 
   3.00     52 
   2.89     53 
   2.81     54 
   2.73     55 
   2.65     56 
   2.58     57 
   2.50     58 
   2.40     59 
   2.36     60 
   2.30     61 
   2.21     62 
   2.14     63 
   2.08     64 
   2.02     65 
   1.95     66 
   1.92     67 
   1.83     68 
   1.78     69 
   1.73     70 
   1.66     71 
   1.60     72 
   1.52     73 
   1.48     74 
   1.43     75 
   1.35     76 
   1.32     77 
   1.29     78 
   1.21     79 
   1.14     80 
   1.11     81 
   1.05     82 
   0.98     83 
   0.94     84 
   0.87     85 
   0.83     86 
   0.75     87 
   0.73     88 
   0.68     89 
   0.64     90 
   0.58     91 
   0.54     92 
   0.48     93 
   0.43     94 
   0.37     95 
   0.32     96 
   0.23     97 
   0.18     98 
   0.11     99 
   0.00    100 
   3.01      1 
   3.04      2 
   2.97      3 
   2.96      4 
   2.99      5 
   3.06      6 
   3.09      7 
   3.13      8 
   3.15      9 
   3.16     10 
   3.18     11 
   3.25     12 
   3.30     13 
   3.26     14 
   3.26     15 
   3.27     16 
   3.28     17 
   3.31     18 
   3.34     19 
   3.29     20 
   3.33     21 
   3.38     22 
   3.43     23 
   3.41     24 
   3.42     25 
   3.44     26 
   3.44     27 
   3.44     28 
   3.49     29 
   3.51     30 
   3.53     31 
   3.54     32 
   3.60     33 
   3.62     34 
   3.67     35 
   3.67     36 
   3.76     37 
   3.84     38 
   3.87     39 
   4.01     40 
   4.16     41 
   4.35     42 
   5.54     43 
   4.05     44 
   3.82     45 
   3.64     46 
   3.51     47 
   3.40     48 
   3.28     49 
   3.15     50 
   3.08     51 
   3.00     52 
   2.90     53 
   2.79     54 
   2.72     55 
   2.63     56 
   2.56     57 
   2.47     58 
   2.41     59 
   2.35     60 
   2.31     61 
   2.20     62 
   2.13     63 
   2.07     64 
   2.05     65 
   1.96     66 
   1.91     67 
   1.85     68 
   1.82     69 
   1.76     70 
   1.67     71 
   1.60     72 
   1.56     73 
   1.51     74 
   1.47     75 
   1.40     76 
   1.34     77 
   1.28     78 
   1.21     79 
   1.13     80 
   1.06     81 
   1.01     82 
   0.94     83 
   0.89     84 
   0.84     85 
   0.80     86 
   0.76     87 
   0.71     88 
   0.64     89 
   0.61     90 
   0.55     91 
   0.48     92 
   0.44     93 
   0.37     94 
   0.35     95 
   0.27     96 
   0.22     97 
   0.18     98 
   0.10     99 
   0.00    100 
   2.82      1 
   2.85      2 
   2.98      3 
   3.05      4 
   3.02      5 
   3.04      6 
   3.05      7 
   3.07      8 
   3.04      9 
   3.07     10 
   3.08     11 
   3.13     12 
   3.11     13 
   3.14     14 
   3.17     15 
   3.14     16 
   3.15     17 
   3.19     18 
   3.20     19 
   3.18     20 
   3.21     21 
   3.21     22 
   3.27     23 
   3.27     24 
   3.26     25 
   3.27     26 
   3.33     27 
   3.33     28 
   3.35     29 
   3.40     30 
   3.39     31 
   3.41     32 
   3.44     33 
   3.52     34 
   3.53     35 
   3.53     36 
   3.60     37 
   3.66     38 
   3.73     39 
   3.77     40 
   3.88     41 
   4.11     42 
   4.24     43 
   5.45     44 
   4.04     45 
   3.79     46 
   3.60     47 
   3.45     48 
   3.35     49 
   3.23     50 
   3.12     51 
   2.99     52 
   2.92     53 
   2.86     54 
   2.74     55 
   2.65     56 
   2.57     57 
   2.50     58 
   2.43     59 
   2.36     60 
   2.29     61 
   2.26     62 
   2.21     63 
   2.13     64 
   2.04     65 
   2.01     66 
   1.95     67 
   1.87     68 
   1.80     69 
   1.74     70 
   1.67     71 
   1.63     72 
   1.55     73 
   1.49     74 
   1.42     75 
   1.34     76 
   1.32     77 
   1.25     78 
   1.19     79 
   1.12     80 
   1.08     81 
   1.01     82 
   0.98     83 
   0.93     84 
   0.85     85 
   0.80     86 
   0.76     87 
   0.71     88 
   0.67     89 
   0.59     90 
   0.55     91 
   0.49     92 
   0.46     93 
   0.39     94 
   0.34     95 
   0.29     96 
   0.22     97 
   0.17     98 
   0.09     99 
   0.00    100 
   2.87      1 
   2.90      2 
   2.93      3 
   2.90      4 
   2.95      5 
   3.00      6 
   3.03      7 
   3.05      8 
   3.03      9 
   3.06     10 
   3.05     11 
   3.10     12 
   3.10     13 
   3.10     14 
   3.15     15 
   3.15     16 
   3.17     17 
   3.19     18 
   3.20     19 
   3.18     20 
   3.19     21 
   3.22     22 
   3.22     23 
   3.24     24 
   3.23     25 
   3.27     26 
   3.32     27 
   3.31     28 
   3.30     29 
   3.35     30 
   3.39     31 
   3.37     32 
   3.44     33 
   3.42     34 
   3.46     35 
   3.48     36 
   3.48     37 
   3.55     38 
   3.58     39 
   3.65     40 
   3.75     41 
   3.79     42 
   4.01     43 
   4.16     44 
   5.40     45 
   3.90     46 
   3.72     47 
   3.51     48 
   3.36     49 
   3.27     50 
   3.15     51 
   3.03     52 
   2.94     53 
   2.82     54 
   2.75     55 
   2.64     56 
   2.56     57 
   2.50     58 
   2.41     59 
   2.34     60 
   2.30     61 
   2.24     62 
   2.19     63 
   2.13     64 
   2.04     65 
   1.99     66 
   1.92     67 
   1.88     68 
   1.80     69 
   1.76     70 
   1.68     71 
   1.63     72 
   1.57     73 
   1.50     74 
   1.44     75 
   1.39     76 
   1.35     77 
   1.29     78 
   1.20     79 
   1.16     80 
   1.10     81 
   1.07     82 
   0.99     83 
   0.94     84 
   0.88     85 
   0.83     86 
   0.77     87 
   0.71     88 
   0.66     89 
   0.63     90 
   0.55     91 
   0.51     92 
   0.45     93 
   0.40     94 
   0.36     95 
   0.31     96 
   0.24     97 
   0.18     98 
   0.11     99 
   0.00    100 
   2.87      1 
   2.89      2 
   2.92      3 
   2.92      4 
   2.96      5 
   3.01      6 
   3.04      7 
   3.01      8 
   3.03      9 
   3.01     10 
   3.04     11 
   3.00     12 
   3.02     13 
   3.07     14 
   3.06     15 
   3.07     16 
   3.14     17 
   3.11     18 
   3.09     19 
   3.12     20 
   3.13     21 
   3.14     22 
   3.16     23 
   3.18     24 
   3.18     25 
   3.23     26 
   3.24     27 
   3.22     28 
   3.29     29 
   3.29     30 
   3.28     31 
   3.28     32 
   3.31     33 
   3.31     34 
   3.34     35 
   3.38     36 
   3.42     37 
   3.48     38 
   3.49     39 
   3.52     40 
   3.60     41 
   3.67     42 
   3.81     43 
   3.98     44 
   4.11     45 
   5.35     46 
   3.86     47 
   3.62     48 
   3.43     49 
   3.29     50 
   3.18     51 
   3.06     52 
   2.99     53 
   2.84     54 
   2.80     55 
   2.69     56 
   2.61     57 
   2.55     58 
   2.43     59 
   2.36     60 
   2.29     61 
   2.26     62 
   2.18     63 
   2.11     64 
   2.04     65 
   1.97     66 
   1.92     67 
   1.84     68 
   1.78     69 
   1.72     70 
   1.64     71 
   1.59     72 
   1.52     73 
   1.46     74 
   1.40     75 
   1.35     76 
   1.27     77 
   1.23     78 
   1.18     79 
   1.13     80 
   1.08     81 
   1.02     82 
   0.97     83 
   0.91     84 
   0.86     85 
   0.82     86 
   0.76     87 
   0.69     88 
   0.67     89 
   0.61     90 
   0.56     91 
   0.51     92 
   0.46     93 
   0.43     94 
   0.36     95 
   0.31     96 
   0.24     97 
   0.18     98 
   0.10     99 
   0.00    100 
   2.84      1 
   2.90      2 
   2.89      3 
   2.98      4 
   2.98      5 
   3.00      6 
   3.04      7 
   2.98      8 
   3.00      9 
   3.00     10 
   3.05     11 
   3.02     12 
   3.06     13 
   3.08     14 
   3.07     15 
   3.09     16 
   3.11     17 
   3.13     18 
   3.16     19 
   3.16     20 
   3.15     21 
   3.16     22 
   3.16     23 
   3.17     24 
   3.17     25 
   3.19     26 
   3.22     27 
   3.22     28 
   3.21     29 
   3.21     30 
   3.25     31 
   3.24     32 
   3.26     33 
   3.31     34 
   3.30     35 
   3.32     36 
   3.33     37 
   3.33     38 
   3.38     39 
   3.43     40 
   3.46     41 
   3.53     42 
   3.65     43 
   3.72     44 
   3.89     45 
   3.98     46 
   5.21     47 
   3.80     48 
   3.56     49 
   3.39     50 
   3.24     51 
   3.14     52 
   2.99     53 
   2.87     54 
   2.79     55 
   2.65     56 
   2.58     57 
   2.49     58 
   2.41     59 
   2.34     60 
   2.26     61 
   2.19     62 
   2.12     63 
   2.08     64 
   1.99     65 
   1.95     66 
   1.86     67 
   1.80     68 
   1.74     69 
   1.67     70 
   1.63     71 
   1.56     72 
   1.53     73 
   1.47     74 
   1.42     75 
   1.36     76 
   1.28     77 
   1.23     78 
   1.16     79 
   1.13     80 
   1.06     81 
   1.02     82 
   0.97     83 
   0.88     84 
   0.82     85 
   0.75     86 
   0.71     87 
   0.67     88 
   0.62     89 
   0.56     90 
   0.50     91 
   0.49     92 
   0.42     93 
   0.38     94 
   0.33     95 
   0.29     96 
   0.22     97 
   0.16     98 
   0.07     99 
   0.00    100 
   2.67      1 
   2.65      2 
   2.67      3 
   2.79      4 
   2.75      5 
   2.80      6 
   2.81      7 
   2.86      8 
   2.86      9 
   2.82     10 
   2.88     11 
   2.88     12 
   2.89     13 
   2.93     14 
   2.95     15 
   2.91     16 
   2.92     17 
   2.93     18 
   2.98     19 
   3.00     20 
   2.99     21 
   3.01     22 
   3.02     23 
   3.05     24 
   3.03     25 
   3.04     26 
   3.05     27 
   3.05     28 
   3.06     29 
   3.08     30 
   3.07     31 
   3.12     32 
   3.18     33 
   3.14     34 
   3.17     35 
   3.15     36 
   3.23     37 
   3.25     38 
   3.28     39 
   3.33     40 
   3.40     41 
   3.38     42 
   3.43     43 
   3.52     44 
   3.65     45 
   3.85     46 
   3.97     47 
   5.17     48 
   3.76     49 
   3.54     50 
   3.33     51 
   3.21     52 
   3.10     53 
   2.94     54 
   2.82     55 
   2.75     56 
   2.66     57 
   2.58     58 
   2.51     59 
   2.41     60 
   2.34     61 
   2.27     62 
   2.20     63 
   2.14     64 
   2.10     65 
   2.01     66 
   1.96     67 
   1.90     68 
   1.82     69 
   1.74     70 
   1.70     71 
   1.64     72 
   1.60     73 
   1.52     74 
   1.47     75 
   1.40     76 
   1.34     77 
   1.27     78 
   1.21     79 
   1.15     80 
   1.09     81 
   1.03     82 
   0.98     83 
   0.91     84 
   0.88     85 
   0.80     86 
   0.75     87 
   0.72     88 
   0.67     89 
   0.60     90 
   0.54     91 
   0.50     92 
   0.46     93 
   0.41     94 
   0.35     95 
   0.29     96 
   0.23     97 
   0.18     98 
   0.10     99 
   0.00    100 
   2.68      1 
   2.67      2 
   2.65      3 
   2.65      4 
   2.67      5 
   2.66      6 
   2.70      7 
   2.72      8 
   2.78      9 
   2.80     10 
   2.82     11 
   2.89     12 
   2.89     13 
   2.87     14 
   2.85     15 
   2.87     16 
   2.90     17 
   2.95     18 
   2.93     19 
   2.95     20 
   2.93     21 
   2.99     22 
   3.01     23 
   3.04     24 
   3.02     25 
   2.99     26 
   3.02     27 
   3.03     28 
   3.06     29 
   3.06     30 
   3.05     31 
   3.05     32 
   3.11     33 
   3.12     34 
   3.13     35 
   3.13     36 
   3.13     37 
   3.18     38 
   3.20     39 
   3.23     40 
   3.27     41 
   3.29     42 
   3.34     43 
   3.39     44 
   3.49     45 
   3.62     46 
   3.77     47 
   3.90     48 
   5.11     49 
   3.65     50 
   3.41     51 
   3.22     52 
   3.09     53 
   2.96     54 
   2.83     55 
   2.77     56 
   2.67     57 
   2.60     58 
   2.51     59 
   2.44     60 
   2.35     61 
   2.28     62 
   2.20     63 
   2.15     64 
   2.07     65 
   2.00     66 
   1.91     67 
   1.88     68 
   1.79     69 
   1.76     70 
   1.68     71 
   1.64     72 
   1.55     73 
   1.48     74 
   1.43     75 
   1.35     76 
   1.30     77 
   1.26     78 
   1.19     79 
   1.14     80 
   1.10     81 
   1.03     82 
   0.96     83 
   0.92     84 
   0.88     85 
   0.81     86 
   0.76     87 
   0.74     88 
   0.68     89 
   0.61     90 
   0.55     91 
   0.50     92 
   0.46     93 
   0.39     94 
   0.36     95 
   0.30     96 
   0.24     97 
   0.17     98 
   0.10     99 
   0.00    100 
   2.57      1 
   2.59      2 
   2.66      3 
   2.70      4 
   2.71      5 
   2.76      6 
   2.76      7 
   2.80      8 
   2.77      9 
   2.80     10 
   2.82     11 
   2.81     12 
   2.85     13 
   2.86     14 
   2.85     15 
   2.86     16 
   2.91     17 
   2.89     18 
   2.93     19 
   2.86     20 
   2.81     21 
   2.86     22 
   2.87     23 
   2.88     24 
   2.92     25 
   2.96     26 
   2.97     27 
   2.96     28 
   2.93     29 
   2.94     30 
   2.98     31 
   2.99     32 
   3.03     33 
   2.99     34 
   3.05     35 
   3.06     36 
   3.08     37 
   3.11     38 
   3.14     39 
   3.18     40 
   3.22     41 
   3.22     42 
   3.27     43 
   3.27     44 
   3.36     45 
   3.41     46 
   3.50     47 
   3.68     48 
   5.07     49 
   3.75     50 
   3.56     51 
   3.32     52 
   3.12     53 
   3.01     54 
   2.87     55 
   2.77     56 
   2.69     57 
   2.55     58 
   2.50     59 
   2.41     60 
   2.34     61 
   2.28     62 
   2.19     63 
   2.13     64 
