  17.61      1 
  18.25      2 
  14.55      3 
  13.18      4 
  12.21      5 
  11.35      6 
  10.72      7 
  10.11      8 
   9.57      9 
   9.06     10 
   8.63     11 
   8.28     12 
   7.86     13 
   7.56     14 
   7.24     15 
   7.01     16 
   6.76     17 
   6.50     18 
   6.29     19 
   6.09     20 
   5.90     21 
   5.73     22 
   5.52     23 
   5.34     24 
   5.18     25 
   5.05     26 
   4.92     27 
   4.84     28 
   4.72     29 
   4.55     30 
   4.42     31 
   4.33     32 
   4.20     33 
   4.09     34 
   3.98     35 
   3.91     36 
   3.82     37 
   3.77     38 
   3.71     39 
   3.61     40 
   3.52     41 
   3.40     42 
   3.31     43 
   3.31     44 
   3.25     45 
   3.18     46 
   3.10     47 
   3.02     48 
   2.97     49 
   2.88     50 
   2.82     51 
   2.77     52 
   2.68     53 
   2.60     54 
   2.56     55 
   2.50     56 
   2.43     57 
   2.36     58 
   2.32     59 
   2.25     60 
   2.19     61 
   2.14     62 
   2.10     63 
   2.02     64 
   1.98     65 
   1.91     66 
   1.86     67 
   1.80     68 
   1.76     69 
   1.70     70 
   1.66     71 
   1.60     72 
   1.54     73 
   1.51     74 
   1.44     75 
   1.37     76 
   1.33     77 
   1.27     78 
   1.20     79 
   1.13     80 
   1.09     81 
   1.02     82 
   0.98     83 
   0.93     84 
   0.88     85 
   0.82     86 
   0.78     87 
   0.72     88 
   0.68     89 
   0.63     90 
   0.56     91 
   0.51     92 
   0.45     93 
   0.40     94 
   0.35     95 
   0.30     96 
   0.24     97 
   0.18     98 
   0.09     99 
   0.00    100 
  15.16      1 
  16.43      2 
  17.07      3 
  13.75      4 
  12.60      5 
  11.68      6 
  10.87      7 
  10.26      8 
   9.70      9 
   9.19     10 
   8.82     11 
   8.47     12 
   8.08     13 
   7.63     14 
   7.35     15 
   7.03     16 
   6.80     17 
   6.55     18 
   6.30     19 
   6.11     20 
   5.88     21 
   5.75     22 
   5.54     23 
   5.41     24 
   5.21     25 
   5.09     26 
   4.94     27 
   4.89     28 
   4.69     29 
   4.58     30 
   4.43     31 
   4.31     32 
   4.22     33 
   4.10     34 
   4.06     35 
   3.95     36 
   3.83     37 
   3.73     38 
   3.66     39 
   3.60     40 
   3.51     41 
   3.41     42 
   3.33     43 
   3.24     44 
   3.21     45 
   3.12     46 
   3.05     47 
   3.01     48 
   2.96     49 
   2.89     50 
   2.80     51 
   2.72     52 
   2.68     53 
   2.60     54 
   2.54     55 
   2.44     56 
   2.43     57 
   2.36     58 
   2.28     59 
   2.22     60 
   2.20     61 
   2.11     62 
   2.08     63 
   2.00     64 
   1.92     65 
   1.89     66 
   1.83     67 
   1.80     68 
   1.73     69 
   1.66     70 
   1.62     71 
   1.59     72 
   1.52     73 
   1.47     74 
   1.40     75 
   1.37     76 
   1.28     77 
   1.23     78 
   1.18     79 
   1.12     80 
   1.07     81 
   1.01     82 
   0.98     83 
   0.94     84 
   0.88     85 
   0.83     86 
   0.76     87 
   0.72     88 
   0.66     89 
   0.60     90 
   0.56     91 
   0.50     92 
   0.44     93 
   0.40     94 
   0.34     95 
   0.29     96 
   0.22     97 
   0.16     98 
   0.09     99 
   0.00    100 
  13.34      1 
  13.91      2 
  15.22      3 
  16.09      4 
  12.98      5 
  11.84      6 
  10.96      7 
  10.31      8 
   9.77      9 
   9.39     10 
   8.91     11 
   8.51     12 
   8.15     13 
   7.82     14 
   7.50     15 
   7.19     16 
   6.91     17 
   6.69     18 
   6.39     19 
   6.14     20 
   5.95     21 
   5.75     22 
   5.61     23 
   5.42     24 
   5.30     25 
   5.13     26 
   5.00     27 
   4.91     28 
   4.79     29 
   4.64     30 
   4.51     31 
   4.38     32 
   4.27     33 
   4.17     34 
   4.07     35 
   3.94     36 
   3.85     37 
   3.80     38 
   3.70     39 
   3.63     40 
   3.53     41 
   3.46     42 
   3.36     43 
   3.28     44 
   3.22     45 
   3.18     46 
   3.12     47 
   3.03     48 
   3.01     49 
   2.88     50 
   2.83     51 
   2.76     52 
   2.71     53 
   2.65     54 
   2.55     55 
   2.48     56 
   2.44     57 
   2.37     58 
   2.31     59 
   2.22     60 
   2.17     61 
   2.11     62 
   2.05     63 
   2.00     64 
   1.96     65 
   1.90     66 
   1.82     67 
   1.79     68 
   1.71     69 
   1.65     70 
   1.60     71 
   1.54     72 
   1.49     73 
   1.44     74 
   1.38     75 
   1.31     76 
   1.28     77 
   1.20     78 
   1.15     79 
   1.12     80 
   1.09     81 
   1.03     82 
   0.98     83 
   0.93     84 
   0.86     85 
   0.82     86 
   0.77     87 
   0.71     88 
   0.67     89 
   0.65     90 
   0.57     91 
   0.51     92 
   0.45     93 
   0.42     94 
   0.36     95 
   0.30     96 
   0.25     97 
   0.19     98 
   0.11     99 
   0.00    100 
  12.35      1 
  12.69      2 
  13.18      3 
  14.35      4 
  15.31      5 
  12.21      6 
  11.16      7 
  10.42      8 
   9.80      9 
   9.28     10 
   8.88     11 
   8.55     12 
   8.17     13 
   7.83     14 
   7.51     15 
   7.21     16 
   6.89     17 
   6.71     18 
   6.46     19 
   6.22     20 
   5.99     21 
   5.80     22 
   5.66     23 
   5.41     24 
   5.28     25 
   5.12     26 
   4.98     27 
   4.82     28 
   4.70     29 
   4.55     30 
   4.43     31 
   4.32     32 
   4.23     33 
   4.14     34 
   4.01     35 
   3.92     36 
   3.82     37 
   3.76     38 
   3.68     39 
   3.59     40 
   3.50     41 
   3.43     42 
   3.36     43 
   3.29     44 
   3.22     45 
   3.17     46 
   3.09     47 
   3.04     48 
   2.99     49 
   2.95     50 
   2.85     51 
   2.78     52 
   2.72     53 
   2.62     54 
   2.58     55 
   2.52     56 
   2.46     57 
   2.40     58 
   2.35     59 
   2.27     60 
   2.24     61 
   2.14     62 
   2.12     63 
   2.06     64 
   1.99     65 
   1.94     66 
   1.88     67 
   1.81     68 
   1.78     69 
   1.73     70 
   1.67     71 
   1.60     72 
   1.55     73 
   1.48     74 
   1.44     75 
   1.35     76 
   1.32     77 
   1.26     78 
   1.21     79 
   1.12     80 
   1.08     81 
   1.02     82 
   0.99     83 
   0.92     84 
   0.86     85 
   0.81     86 
   0.74     87 
   0.70     88 
   0.65     89 
   0.59     90 
   0.54     91 
   0.50     92 
   0.46     93 
   0.40     94 
   0.34     95 
   0.29     96 
   0.24     97 
   0.17     98 
   0.11     99 
   0.00    100 
  11.28      1 
  11.44      2 
  11.75      3 
  12.28      4 
  13.44      5 
  14.37      6 
  11.47      7 
  10.57      8 
   9.83      9 
   9.32     10 
   8.82     11 
   8.38     12 
   8.07     13 
   7.70     14 
   7.41     15 
   7.17     16 
   6.84     17 
   6.59     18 
   6.35     19 
   6.16     20 
   5.99     21 
   5.79     22 
   5.61     23 
   5.41     24 
   5.24     25 
   5.12     26 
   4.95     27 
   4.83     28 
   4.74     29 
   4.60     30 
   4.51     31 
   4.39     32 
   4.24     33 
   4.14     34 
   4.03     35 
   3.91     36 
   3.85     37 
   3.78     38 
   3.71     39 
   3.64     40 
   3.55     41 
   3.47     42 
   3.40     43 
   3.30     44 
   3.22     45 
   3.18     46 
   3.08     47 
   3.06     48 
   3.03     49 
   2.94     50 
   2.85     51 
   2.78     52 
   2.74     53 
   2.68     54 
   2.59     55 
   2.54     56 
   2.48     57 
   2.42     58 
   2.34     59 
   2.30     60 
   2.22     61 
   2.15     62 
   2.09     63 
   1.99     64 
   1.95     65 
   1.92     66 
   1.85     67 
   1.79     68 
   1.73     69 
   1.68     70 
   1.62     71 
   1.58     72 
   1.50     73 
   1.44     74 
   1.40     75 
   1.35     76 
   1.29     77 
   1.23     78 
   1.17     79 
   1.12     80 
   1.05     81 
   1.02     82 
   0.95     83 
   0.93     84 
   0.86     85 
   0.83     86 
   0.79     87 
   0.73     88 
   0.67     89 
   0.61     90 
   0.58     91 
   0.52     92 
   0.45     93 
   0.42     94 
   0.37     95 
   0.32     96 
   0.25     97 
   0.17     98 
   0.10     99 
   0.00    100 
  10.70      1 
  10.79      2 
  10.98      3 
  11.27      4 
  11.80      5 
  12.87      6 
  13.93      7 
  11.21      8 
  10.31      9 
   9.64     10 
   9.08     11 
   8.65     12 
   8.14     13 
   7.87     14 
   7.60     15 
   7.30     16 
   7.07     17 
   6.78     18 
   6.55     19 
   6.38     20 
   6.19     21 
   5.98     22 
   5.80     23 
   5.63     24 
   5.43     25 
   5.25     26 
   5.11     27 
   4.95     28 
   4.83     29 
   4.71     30 
   4.57     31 
   4.45     32 
   4.34     33 
   4.27     34 
   4.13     35 
   4.04     36 
   3.95     37 
   3.91     38 
   3.81     39 
   3.73     40 
   3.59     41 
   3.52     42 
   3.44     43 
   3.38     44 
   3.27     45 
   3.23     46 
   3.14     47 
   3.08     48 
   3.03     49 
   2.91     50 
   2.88     51 
   2.82     52 
   2.74     53 
   2.68     54 
   2.60     55 
   2.55     56 
   2.45     57 
   2.38     58 
   2.32     59 
   2.27     60 
   2.19     61 
   2.13     62 
   2.08     63 
   2.03     64 
   1.97     65 
   1.93     66 
   1.89     67 
   1.83     68 
   1.74     69 
   1.71     70 
   1.69     71 
   1.61     72 
   1.58     73 
   1.51     74 
   1.43     75 
   1.39     76 
   1.34     77 
   1.26     78 
   1.19     79 
   1.15     80 
   1.09     81 
   1.03     82 
   0.97     83 
   0.92     84 
   0.87     85 
   0.83     86 
   0.77     87 
   0.71     88 
   0.66     89 
   0.61     90 
   0.55     91 
   0.50     92 
   0.45     93 
   0.40     94 
   0.35     95 
   0.30     96 
   0.25     97 
   0.18     98 
   0.10     99 
   0.00    100 
  10.01      1 
  10.26      2 
  10.36      3 
  10.57      4 
  10.77      5 
  11.24      6 
  12.22      7 
  13.22      8 
  10.61      9 
   9.88     10 
   9.28     11 
   8.84     12 
   8.28     13 
   7.95     14 
   7.56     15 
   7.31     16 
   6.96     17 
   6.70     18 
   6.46     19 
   6.22     20 
   6.01     21 
   5.86     22 
   5.70     23 
   5.54     24 
   5.32     25 
   5.16     26 
   5.01     27 
   4.90     28 
   4.75     29 
   4.65     30 
   4.53     31 
   4.41     32 
   4.30     33 
   4.18     34 
   4.06     35 
   3.98     36 
   3.89     37 
   3.81     38 
   3.67     39 
   3.61     40 
   3.56     41 
   3.48     42 
   3.40     43 
   3.31     44 
   3.25     45 
   3.18     46 
   3.08     47 
   3.00     48 
   2.92     49 
   2.89     50 
   2.81     51 
   2.80     52 
   2.72     53 
   2.68     54 
   2.57     55 
   2.51     56 
   2.46     57 
   2.42     58 
   2.29     59 
   2.28     60 
   2.21     61 
   2.11     62 
   2.04     63 
   2.01     64 
   1.94     65 
   1.90     66 
   1.83     67 
   1.80     68 
   1.74     69 
   1.69     70 
   1.62     71 
   1.55     72 
   1.49     73 
   1.45     74 
   1.39     75 
   1.34     76 
   1.30     77 
   1.20     78 
   1.15     79 
   1.12     80 
   1.08     81 
   1.02     82 
   0.97     83 
   0.91     84 
   0.88     85 
   0.81     86 
   0.75     87 
   0.71     88 
   0.65     89 
   0.60     90 
   0.57     91 
   0.50     92 
   0.46     93 
   0.39     94 
   0.34     95 
   0.29     96 
   0.25     97 
   0.18     98 
   0.09     99 
   0.00    100 
   9.47      1 
   9.65      2 
   9.62      3 
   9.76      4 
  10.01      5 
  10.17      6 
  10.62      7 
  11.57      8 
  12.64      9 
   9.94     10 
   9.25     11 
   8.68     12 
   8.26     13 
   7.81     14 
   7.47     15 
   7.18     16 
   6.93     17 
   6.68     18 
   6.43     19 
   6.20     20 
   6.02     21 
   5.84     22 
   5.67     23 
   5.45     24 
   5.26     25 
   5.15     26 
   5.00     27 
   4.84     28 
   4.74     29 
   4.60     30 
   4.51     31 
   4.43     32 
   4.33     33 
   4.20     34 
   4.13     35 
   4.02     36 
   3.93     37 
   3.81     38 
   3.74     39 
   3.67     40 
   3.58     41 
   3.50     42 
   3.43     43 
   3.38     44 
   3.28     45 
   3.24     46 
   3.15     47 
   3.10     48 
   3.02     49 
   2.92     50 
   2.90     51 
   2.83     52 
   2.75     53 
   2.69     54 
   2.62     55 
   2.56     56 
   2.52     57 
   2.45     58 
   2.38     59 
   2.30     60 
   2.27     61 
   2.17     62 
   2.14     63 
   2.06     64 
   2.01     65 
   1.93     66 
   1.90     67 
   1.83     68 
   1.76     69 
   1.71     70 
   1.66     71 
   1.61     72 
   1.54     73 
   1.49     74 
   1.41     75 
   1.35     76 
   1.31     77 
   1.25     78 
   1.20     79 
   1.15     80 
   1.09     81 
   1.04     82 
   0.99     83 
   0.92     84 
   0.88     85 
   0.85     86 
   0.78     87 
   0.75     88 
   0.71     89 
   0.64     90 
   0.58     91 
   0.50     92 
   0.47     93 
   0.42     94 
   0.36     95 
   0.32     96 
   0.25     97 
   0.19     98 
   0.11     99 
   0.00    100 
   8.86      1 
   8.95      2 
   9.12      3 
   9.12      4 
   9.25      5 
   9.38      6 
   9.68      7 
  10.15      8 
  11.01      9 
  12.19     10 
   9.65     11 
   8.97     12 
   8.43     13 
   7.99     14 
   7.59     15 
   7.24     16 
   6.98     17 
   6.66     18 
   6.47     19 
   6.20     20 
   6.01     21 
   5.81     22 
   5.64     23 
   5.39     24 
   5.25     25 
   5.12     26 
   4.98     27 
   4.81     28 
   4.66     29 
   4.55     30 
   4.42     31 
   4.33     32 
   4.22     33 
   4.08     34 
   4.02     35 
   3.99     36 
   3.85     37 
   3.81     38 
   3.67     39 
   3.58     40 
   3.50     41 
   3.43     42 
   3.36     43 
   3.31     44 
   3.23     45 
   3.14     46 
   3.11     47 
   3.07     48 
   2.99     49 
   2.89     50 
   2.80     51 
   2.77     52 
   2.69     53 
   2.64     54 
   2.57     55 
   2.51     56 
   2.44     57 
   2.39     58 
   2.34     59 
   2.23     60 
   2.22     61 
   2.14     62 
   2.11     63 
   2.04     64 
   1.98     65 
   1.94     66 
   1.89     67 
   1.84     68 
   1.77     69 
   1.74     70 
   1.67     71 
   1.61     72 
   1.51     73 
   1.48     74 
   1.40     75 
   1.39     76 
   1.31     77 
   1.24     78 
   1.18     79 
   1.12     80 
   1.08     81 
   1.01     82 
   0.95     83 
   0.91     84 
   0.87     85 
   0.81     86 
   0.76     87 
   0.71     88 
   0.68     89 
   0.63     90 
   0.59     91 
   0.52     92 
   0.47     93 
   0.43     94 
   0.37     95 
   0.31     96 
   0.25     97 
   0.18     98 
   0.11     99 
   0.00    100 
   8.56      1 
   8.59      2 
   8.68      3 
   8.89      4 
   8.91      5 
   9.11      6 
   9.22      7 
   9.51      8 
   9.97      9 
  10.70     10 
  11.73     11 
   9.37     12 
   8.70     13 
   8.12     14 
   7.66     15 
   7.40     16 
   7.04     17 
   6.77     18 
   6.55     19 
   6.27     20 
   6.08     21 
   5.87     22 
   5.74     23 
   5.54     24 
   5.42     25 
   5.27     26 
   5.08     27 
   4.92     28 
   4.79     29 
   4.65     30 
   4.49     31 
   4.40     32 
   4.30     33 
   4.21     34 
   4.14     35 
   3.98     36 
   3.86     37 
   3.81     38 
   3.75     39 
   3.66     40 
   3.58     41 
   3.46     42 
   3.38     43 
   3.30     44 
   3.22     45 
   3.16     46 
   3.12     47 
   3.08     48 
   3.02     49 
   2.96     50 
   2.88     51 
   2.81     52 
   2.74     53 
   2.64     54 
   2.57     55 
   2.51     56 
   2.45     57 
   2.37     58 
   2.31     59 
   2.27     60 
   2.22     61 
   2.15     62 
   2.08     63 
   2.03     64 
   1.96     65 
   1.92     66 
   1.88     67 
   1.80     68 
   1.75     69 
   1.70     70 
   1.65     71 
   1.58     72 
   1.56     73 
   1.50     74 
   1.43     75 
   1.39     76 
   1.30     77 
   1.24     78 
   1.19     79 
   1.16     80 
   1.10     81 
   1.06     82 
   0.98     83 
   0.94     84 
   0.88     85 
   0.83     86 
   0.77     87 
   0.72     88 
   0.68     89 
   0.60     90 
   0.56     91 
   0.53     92 
   0.46     93 
   0.42     94 
   0.35     95 
   0.30     96 
   0.24     97 
   0.17     98 
   0.10     99 
   0.00    100 
   7.92      1 
   7.95      2 
   8.09      3 
   8.14      4 
   8.33      5 
   8.51      6 
   8.65      7 
   8.81      8 
   9.05      9 
   9.36     10 
  10.07     11 
  11.20     12 
   8.87     13 
   8.21     14 
   7.72     15 
   7.41     16 
   7.13     17 
   6.80     18 
   6.53     19 
   6.27     20 
   6.01     21 
   5.85     22 
   5.62     23 
   5.47     24 
   5.31     25 
   5.19     26 
   4.98     27 
   4.86     28 
   4.71     29 
   4.58     30 
   4.42     31 
   4.36     32 
   4.29     33 
   4.17     34 
   4.12     35 
   4.01     36 
   3.87     37 
   3.79     38 
   3.70     39 
   3.60     40 
   3.50     41 
   3.47     42 
   3.38     43 
   3.36     44 
   3.26     45 
   3.22     46 
   3.16     47 
   3.12     48 
   3.01     49 
   2.91     50 
   2.85     51 
   2.80     52 
   2.71     53 
   2.66     54 
   2.57     55 
   2.53     56 
   2.49     57 
   2.39     58 
   2.35     59 
   2.25     60 
   2.21     61 
   2.17     62 
   2.09     63 
   2.03     64 
   2.01     65 
   1.93     66 
   1.87     67 
   1.81     68 
   1.75     69 
   1.68     70 
   1.63     71 
   1.57     72 
   1.53     73 
   1.45     74 
   1.42     75 
   1.37     76 
   1.29     77 
   1.24     78 
   1.19     79 
   1.14     80 
   1.10     81 
   1.03     82 
   0.97     83 
   0.92     84 
   0.86     85 
   0.81     86 
   0.77     87 
   0.69     88 
   0.68     89 
   0.59     90 
   0.55     91 
   0.50     92 
   0.45     93 
   0.40     94 
   0.35     95 
   0.28     96 
   0.24     97 
   0.17     98 
   0.11     99 
   0.00    100 
   7.78      1 
   7.83      2 
   7.81      3 
   7.90      4 
   7.96      5 
   8.02      6 
   8.11      7 
   8.32      8 
   8.52      9 
   8.69     10 
   8.94     11 
   9.75     12 
  10.75     13 
   8.55     14 
   7.94     15 
   7.50     16 
   7.14     17 
   6.83     18 
   6.50     19 
   6.18     20 
   6.03     21 
   5.81     22 
   5.61     23 
   5.46     24 
   5.26     25 
   5.15     26 
   5.05     27 
   4.86     28 
   4.75     29 
   4.62     30 
   4.50     31 
   4.37     32 
   4.25     33 
   4.11     34 
   3.98     35 
   3.94     36 
   3.86     37 
   3.75     38 
   3.70     39 
   3.61     40 
   3.54     41 
   3.46     42 
   3.36     43 
   3.30     44 
   3.22     45 
   3.16     46 
   3.11     47 
   3.06     48 
   3.00     49 
   2.89     50 
   2.84     51 
   2.76     52 
   2.74     53 
   2.65     54 
   2.60     55 
   2.49     56 
   2.47     57 
   2.40     58 
   2.34     59 
   2.29     60 
   2.21     61 
   2.16     62 
   2.11     63 
   2.07     64 
   1.98     65 
   1.94     66 
   1.88     67 
   1.82     68 
   1.76     69 
   1.72     70 
   1.68     71 
   1.61     72 
   1.53     73 
   1.49     74 
   1.43     75 
   1.38     76 
   1.31     77 
   1.25     78 
   1.21     79 
   1.18     80 
   1.13     81 
   1.03     82 
   0.96     83 
   0.93     84 
   0.85     85 
   0.82     86 
   0.75     87 
   0.69     88 
   0.66     89 
   0.61     90 
   0.56     91 
   0.52     92 
   0.46     93 
   0.40     94 
   0.36     95 
   0.30     96 
   0.25     97 
   0.18     98 
   0.10     99 
   0.00    100 
   7.57      1 
   7.59      2 
   7.63      3 
   7.82      4 
   7.81      5 
   7.93      6 
   8.02      7 
   8.17      8 
   8.26      9 
   8.33     10 
   8.52     11 
   8.85     12 
   9.54     13 
  10.71     14 
   8.47     15 
   7.87     16 
   7.38     17 
   6.99     18 
   6.77     19 
   6.56     20 
   6.33     21 
   6.10     22 
   5.86     23 
   5.67     24 
   5.56     25 
   5.35     26 
   5.18     27 
   5.00     28 
   4.86     29 
   4.70     30 
   4.60     31 
   4.47     32 
   4.38     33 
   4.24     34 
   4.17     35 
   4.03     36 
   3.97     37 
   3.90     38 
   3.80     39 
   3.70     40 
   3.62     41 
   3.53     42 
   3.49     43 
   3.41     44 
   3.33     45 
   3.23     46 
   3.17     47 
   3.10     48 
   3.03     49 
   2.96     50 
   2.86     51 
   2.79     52 
   2.77     53 
   2.64     54 
   2.61     55 
   2.52     56 
   2.45     57 
   2.40     58 
   2.33     59 
   2.29     60 
   2.22     61 
   2.15     62 
   2.11     63 
   2.08     64 
   2.00     65 
   1.93     66 
   1.86     67 
   1.79     68 
   1.74     69 
   1.68     70 
   1.62     71 
   1.57     72 
   1.53     73 
   1.47     74 
   1.40     75 
   1.36     76 
   1.29     77 
   1.22     78 
   1.18     79 
   1.12     80 
   1.08     81 
   1.01     82 
   0.98     83 
   0.93     84 
   0.86     85 
   0.82     86 
   0.77     87 
   0.71     88 
   0.66     89 
   0.61     90 
   0.56     91 
   0.52     92 
   0.46     93 
   0.39     94 
   0.36     95 
   0.30     96 
   0.24     97 
   0.18     98 
   0.11     99 
   0.00    100 
   6.96      1 
   7.06      2 
   7.11      3 
   7.21      4 
   7.22      5 
   7.25      6 
   7.37      7 
   7.51      8 
   7.63      9 
   7.67     10 
   7.79     11 
   7.99     12 
   8.34     13 
   8.96     14 
  10.22     15 
   7.99     16 
   7.43     17 
   6.99     18 
   6.66     19 
   6.33     20 
   6.14     21 
   5.93     22 
   5.76     23 
   5.54     24 
   5.39     25 
   5.22     26 
   5.06     27 
   4.93     28 
   4.78     29 
   4.56     30 
   4.47     31 
   4.34     32 
   4.24     33 
   4.17     34 
   4.10     35 
   3.97     36 
   3.91     37 
   3.80     38 
   3.71     39 
   3.58     40 
   3.50     41 
   3.43     42 
   3.39     43 
   3.36     44 
   3.27     45 
   3.20     46 
   3.13     47 
   3.04     48 
   2.93     49 
   2.87     50 
   2.82     51 
   2.77     52 
   2.70     53 
   2.65     54 
   2.55     55 
   2.51     56 
   2.48     57 
   2.39     58 
   2.36     59 
   2.25     60 
   2.20     61 
   2.10     62 
   2.07     63 
   1.99     64 
   1.97     65 
   1.93     66 
   1.85     67 
   1.79     68 
   1.75     69 
   1.69     70 
   1.62     71 
   1.54     72 
   1.50     73 
   1.45     74 
   1.40     75 
   1.35     76 
   1.30     77 
   1.23     78 
   1.19     79 
   1.12     80 
   1.10     81 
   1.02     82 
   0.94     83 
   0.89     84 
   0.84     85 
   0.78     86 
   0.77     87 
   0.70     88 
   0.65     89 
   0.57     90 
   0.53     91 
   0.48     92 
   0.43     93 
   0.37     94 
   0.32     95 
   0.26     96 
   0.22     97 
   0.15     98 
   0.10     99 
   0.00    100 
   6.73      1 
   6.72      2 
   6.77      3 
   6.82      4 
   6.91      5 
   6.96      6 
   6.99      7 
   7.08      8 
   7.20      9 
   7.30     10 
   7.46     11 
   7.63     12 
   7.84     13 
   8.12     14 
   8.75     15 
   9.88     16 
   7.75     17 
   7.20     18 
   6.83     19 
   6.49     20 
   6.23     21 
   6.01     22 
   5.77     23 
   5.54     24 
   5.38     25 
   5.21     26 
   5.02     27 
   4.88     28 
   4.77     29 
   4.58     30 
   4.51     31 
   4.39     32 
   4.31     33 
   4.20     34 
   4.08     35 
   3.94     36 
   3.89     37 
   3.80     38 
   3.69     39 
   3.64     40 
   3.57     41 
   3.50     42 
   3.34     43 
   3.28     44 
   3.24     45 
   3.19     46 
   3.11     47 
   3.06     48 
   2.98     49 
   2.95     50 
   2.83     51 
   2.74     52 
   2.66     53 
   2.62     54 
   2.57     55 
   2.51     56 
   2.45     57 
   2.39     58 
   2.33     59 
   2.29     60 
   2.21     61 
   2.15     62 
   2.08     63 
   2.02     64 
   1.98     65 
   1.89     66 
   1.83     67 
   1.79     68 
   1.74     69 
   1.67     70 
   1.64     71 
   1.56     72 
   1.51     73 
   1.45     74 
   1.40     75 
   1.36     76 
   1.29     77 
   1.23     78 
   1.18     79 
   1.12     80 
   1.08     81 
   1.01     82 
   0.98     83 
   0.93     84 
   0.85     85 
   0.81     86 
   0.75     87 
   0.69     88 
   0.64     89 
   0.60     90 
   0.56     91 
   0.51     92 
   0.44     93 
   0.40     94 
   0.33     95 
   0.30     96 
   0.25     97 
   0.17     98 
   0.11     99 
   0.00    100 
   6.59      1 
   6.64      2 
   6.60      3 
   6.62      4 
   6.72      5 
   6.77      6 
   6.86      7 
   6.83      8 
   6.85      9 
   7.00     10 
   7.08     11 
   7.19     12 
   7.34     13 
   7.48     14 
   7.77     15 
   8.46     16 
   9.62     17 
   7.54     18 
   7.03     19 
   6.65     20 
   6.38     21 
   6.04     22 
   5.83     23 
   5.55     24 
   5.34     25 
   5.19     26 
   5.02     27 
   4.87     28 
   4.75     29 
   4.61     30 
   4.49     31 
   4.41     32 
   4.30     33 
   4.15     34 
   4.07     35 
   3.97     36 
   3.90     37 
   3.78     38 
   3.71     39 
   3.63     40 
   3.53     41 
   3.44     42 
   3.40     43 
   3.32     44 
   3.26     45 
   3.19     46 
   3.11     47 
   3.04     48 
   2.97     49 
   2.87     50 
   2.83     51 
   2.79     52 
   2.70     53 
   2.63     54 
   2.55     55 
   2.49     56 
   2.45     57 
   2.36     58 
   2.32     59 
   2.23     60 
   2.19     61 
   2.13     62 
   2.10     63 
   2.05     64 
   2.03     65 
   1.96     66 
   1.89     67 
   1.82     68 
   1.77     69 
   1.69     70 
   1.63     71 
   1.57     72 
   1.55     73 
   1.47     74 
   1.43     75 
   1.36     76 
   1.30     77 
   1.25     78 
   1.19     79 
   1.12     80 
   1.07     81 
   1.02     82 
   0.99     83 
   0.93     84 
   0.89     85 
   0.82     86 
   0.75     87 
   0.73     88 
   0.69     89 
   0.63     90 
   0.57     91 
   0.51     92 
   0.47     93 
   0.40     94 
   0.35     95 
   0.29     96 
   0.25     97 
   0.18     98 
   0.10     99 
   0.00    100 
   6.25      1 
   6.30      2 
   6.32      3 
   6.45      4 
   6.40      5 
   6.43      6 
   6.43      7 
   6.52      8 
   6.59      9 
   6.66     10 
   6.72     11 
   6.77     12 
   6.86     13 
   7.07     14 
   7.17     15 
   7.49     16 
   8.06     17 
   9.20     18 
   7.19     19 
   6.73     20 
   6.38     21 
   6.04     22 
   5.78     23 
   5.62     24 
   5.40     25 
   5.20     26 
   5.04     27 
   4.90     28 
   4.73     29 
   4.59     30 
   4.48     31 
   4.45     32 
   4.33     33 
   4.18     34 
   4.06     35 
   3.99     36 
   3.92     37 
   3.77     38 
   3.70     39 
   3.61     40 
   3.51     41 
   3.46     42 
   3.39     43 
   3.32     44 
   3.24     45 
   3.17     46 
   3.07     47 
   3.03     48 
   2.95     49 
   2.87     50 
   2.78     51 
   2.73     52 
   2.71     53 
   2.65     54 
   2.54     55 
   2.46     56 
   2.40     57 
   2.35     58 
   2.33     59 
   2.25     60 
   2.18     61 
   2.11     62 
   2.04     63 
   1.97     64 
   1.91     65 
   1.86     66 
   1.78     67 
   1.75     68 
   1.71     69 
   1.68     70 
   1.60     71 
   1.57     72 
   1.51     73 
   1.46     74 
   1.41     75 
   1.33     76 
   1.28     77 
   1.21     78 
   1.17     79 
   1.12     80 
   1.07     81 
   1.01     82 
   0.96     83 
   0.89     84 
   0.86     85 
   0.81     86 
   0.74     87 
   0.70     88 
   0.66     89 
   0.61     90 
   0.59     91 
   0.51     92 
   0.47     93 
   0.42     94 
   0.35     95 
   0.30     96 
   0.23     97 
   0.18     98 
   0.11     99 
   0.00    100 
   5.97      1 
   6.00      2 
   6.07      3 
   6.13      4 
   6.22      5 
   6.22      6 
   6.37      7 
   6.44      8 
   6.44      9 
   6.56     10 
   6.62     11 
   6.61     12 
   6.75     13 
   6.84     14 
   6.94     15 
   7.16     16 
   7.48     17 
   8.01     18 
   9.09     19 
   7.13     20 
   6.67     21 
   6.30     22 
   6.06     23 
   5.81     24 
   5.61     25 
   5.37     26 
   5.16     27 
   5.00     28 
   4.91     29 
   4.69     30 
   4.56     31 
   4.42     32 
   4.30     33 
   4.20     34 
   4.10     35 
   3.99     36 
   3.93     37 
   3.83     38 
   3.76     39 
   3.65     40 
   3.57     41 
   3.51     42 
   3.41     43 
   3.32     44 
   3.24     45 
   3.18     46 
   3.11     47 
   3.01     48 
   2.99     49 
   2.92     50 
   2.85     51 
   2.76     52 
   2.71     53 
   2.64     54 
   2.54     55 
   2.49     56 
   2.43     57 
   2.38     58 
   2.31     59 
   2.24     60 
   2.19     61 
   2.14     62 
   2.08     63 
   1.98     64 
   1.94     65 
   1.91     66 
   1.87     67 
   1.78     68 
   1.77     69 
   1.70     70 
   1.66     71 
   1.58     72 
   1.51     73 
   1.46     74 
   1.42     75 
   1.35     76 
   1.31     77 
   1.27     78 
   1.21     79 
   1.16     80 
   1.11     81 
   1.02     82 
   1.00     83 
   0.93     84 
   0.86     85 
   0.85     86 
   0.77     87 
   0.74     88 
   0.67     89 
   0.62     90 
   0.55     91 
   0.49     92 
   0.46     93 
   0.40     94 
   0.35     95 
   0.30     96 
   0.25     97 
   0.18     98 
   0.11     99 
   0.00    100 
   5.64      1 
   5.70      2 
   5.78      3 
   5.88      4 
   5.91      5 
   5.92      6 
   5.83      7 
   5.89      8 
   6.00      9 
   6.01     10 
   6.08     11 
   6.11     12 
   6.18     13 
   6.28     14 
   6.38     15 
   6.47     16 
   6.71     17 
   7.04     18 
   7.57     19 
   8.71     20 
   6.76     21 
   6.34     22 
   6.02     23 
   5.74     24 
   5.50     25 
   5.30     26 
   5.12     27 
   5.01     28 
   4.86     29 
   4.68     30 
   4.52     31 
   4.36     32 
   4.25     33 
   4.10     34 
   4.04     35 
   3.91     36 
   3.83     37 
   3.72     38 
   3.65     39 
   3.55     40 
   3.47     41 
   3.38     42 
   3.32     43 
   3.27     44 
   3.22     45 
   3.15     46 
   3.07     47 
   3.01     48 
   2.99     49 
   2.91     50 
   2.86     51 
   2.77     52 
   2.67     53 
   2.60     54 
   2.52     55 
   2.46     56 
   2.42     57 
   2.37     58 
   2.33     59 
   2.26     60 
   2.19     61 
   2.12     62 
   2.05     63 
   2.04     64 
   1.98     65 
   1.93     66 
   1.87     67 
   1.80     68 
   1.74     69 
   1.67     70 
   1.60     71 
   1.59     72 
   1.53     73 
   1.46     74 
   1.40     75 
   1.33     76 
   1.27     77 
   1.23     78 
   1.16     79 
   1.10     80 
   1.09     81 
   1.01     82 
   0.99     83 
   0.92     84 
   0.89     85 
   0.84     86 
   0.78     87 
   0.73     88 
   0.66     89 
   0.62     90 
   0.57     91 
   0.52     92 
   0.46     93 
   0.43     94 
   0.35     95 
   0.30     96 
   0.25     97 
   0.18     98 
   0.11     99 
   0.00    100 
   5.51      1 
   5.56      2 
   5.57      3 
   5.63      4 
   5.66      5 
   5.75      6 
   5.81      7 
   5.82      8 
   5.84      9 
   5.91     10 
   5.94     11 
   6.06     12 
   6.02     13 
   6.15     14 
   6.20     15 
   6.36     16 
   6.46     17 
   6.61     18 
   6.99     19 
   7.40     20 
   8.48     21 
   6.64     22 
   6.14     23 
   5.81     24 
   5.59     25 
   5.37     26 
   5.15     27 
   4.93     28 
   4.81     29 
   4.64     30 
   4.51     31 
   4.41     32 
   4.27     33 
   4.17     34 
   4.08     35 
   3.97     36 
   3.86     37 
   3.77     38 
   3.69     39 
   3.57     40 
   3.48     41 
   3.45     42 
   3.36     43 
   3.32     44 
   3.23     45 
   3.14     46 
   3.10     47 
   3.02     48 
   2.97     49 
   2.89     50 
   2.80     51 
   2.76     52 
   2.67     53 
   2.63     54 
   2.59     55 
   2.51     56 
   2.42     57 
   2.37     58 
   2.30     59 
   2.24     60 
   2.19     61 
   2.13     62 
   2.10     63 
   2.01     64 
   1.99     65 
   1.92     66 
   1.84     67 
   1.81     68 
   1.73     69 
   1.67     70 
   1.61     71 
   1.56     72 
   1.52     73 
   1.46     74 
   1.41     75 
   1.38     76 
   1.29     77 
   1.25     78 
   1.18     79 
   1.12     80 
   1.06     81 
   1.00     82 
   0.98     83 
   0.90     84 
   0.87     85 
   0.83     86 
   0.78     87 
   0.73     88 
   0.67     89 
   0.63     90 
   0.58     91 
   0.52     92 
   0.46     93 
   0.42     94 
   0.37     95 
   0.30     96 
   0.23     97 
   0.17     98 
   0.09     99 
   0.00    100 
   5.34      1 
   5.40      2 
   5.43      3 
   5.46      4 
   5.44      5 
   5.55      6 
   5.53      7 
   5.61      8 
   5.59      9 
   5.58     10 
   5.63     11 
   5.72     12 
   5.73     13 
   5.76     14 
   5.77     15 
   5.91     16 
   5.98     17 
   6.10     18 
   6.30     19 
   6.61     20 
   7.11     21 
   8.26     22 
   6.40     23 
   5.94     24 
   5.62     25 
   5.36     26 
   5.20     27 
   4.98     28 
   4.85     29 
   4.70     30 
   4.56     31 
   4.44     32 
   4.34     33 
   4.26     34 
   4.18     35 
   4.05     36 
   3.95     37 
   3.80     38 
   3.68     39 
   3.58     40 
   3.53     41 
   3.48     42 
   3.38     43 
   3.32     44 
   3.25     45 
   3.17     46 
   3.14     47 
   3.10     48 
   3.03     49 
   2.95     50 
   2.87     51 
   2.77     52 
   2.73     53 
   2.65     54 
   2.57     55 
   2.51     56 
   2.47     57 
   2.43     58 
   2.34     59 
   2.27     60 
   2.21     61 
   2.16     62 
   2.11     63 
   2.04     64 
   2.00     65 
   1.92     66 
   1.88     67 
   1.79     68 
   1.74     69 
   1.68     70 
   1.63     71 
   1.58     72 
   1.53     73 
   1.45     74 
   1.42     75 
   1.36     76 
   1.28     77 
   1.20     78 
   1.18     79 
   1.12     80 
   1.06     81 
   1.01     82 
   0.98     83 
   0.89     84 
   0.87     85 
   0.78     86 
   0.74     87 
   0.70     88 
   0.64     89 
   0.60     90 
   0.54     91 
   0.52     92 
   0.47     93 
   0.40     94 
   0.36     95 
   0.29     96 
   0.21     97 
   0.17     98 
   0.09     99 
   0.00    100 
   5.20      1 
   5.29      2 
   5.32      3 
   5.37      4 
   5.41      5 
   5.45      6 
   5.46      7 
   5.54      8 
   5.63      9 
   5.63     10 
   5.67     11 
   5.67     12 
   5.71     13 
   5.76     14 
   5.72     15 
   5.83     16 
   5.95     17 
   6.04     18 
   6.12     19 
   6.28     20 
   6.60     21 
   7.03     22 
   8.16     23 
   6.26     24 
   5.84     25 
   5.53     26 
   5.33     27 
   5.11     28 
   4.95     29 
   4.77     30 
   4.62     31 
   4.49     32 
   4.36     33 
   4.17     34 
   4.07     35 
   3.98     36 
   3.88     37 
   3.77     38 
   3.71     39 
   3.62     40 
   3.55     41 
   3.47     42 
   3.41     43 
   3.33     44 
   3.26     45 
   3.21     46 
   3.13     47 
   3.10     48 
   3.05     49 
   2.93     50 
   2.86     51 
   2.78     52 
   2.72     53 
   2.64     54 
   2.60     55 
   2.54     56 
   2.47     57 
   2.37     58 
   2.31     59 
   2.26     60 
   2.20     61 
   2.17     62 
   2.08     63 
   2.04     64 
   1.98     65 
   1.91     66 
   1.87     67 
   1.80     68 
   1.73     69 
   1.70     70 
   1.66     71 
   1.59     72 
   1.53     73 
   1.49     74 
   1.44     75 
   1.38     76 
   1.31     77 
   1.27     78 
   1.20     79 
   1.14     80 
   1.07     81 
   1.03     82 
   0.97     83 
   0.93     84 
   0.86     85 
   0.83     86 
   0.75     87 
   0.71     88 
   0.66     89 
   0.61     90 
   0.55     91 
   0.50     92 
   0.45     93 
   0.40     94 
   0.34     95 
   0.30     96 
   0.25     97 
   0.17     98 
   0.09     99 
   0.00    100 
   4.94      1 
   5.03      2 
   5.06      3 
   5.12      4 
   5.10      5 
   5.13      6 
   5.17      7 
   5.19      8 
   5.22      9 
   5.31     10 
   5.38     11 
   5.38     12 
   5.36     13 
   5.44     14 
   5.53     15 
   5.56     16 
   5.60     17 
   5.64     18 
   5.75     19 
   5.84     20 
   6.05     21 
   6.25     22 
   6.67     23 
   7.88     24 
   6.11     25 
   5.70     26 
   5.46     27 
   5.20     28 
   5.00     29 
   4.79     30 
   4.66     31 
   4.48     32 
   4.33     33 
   4.26     34 
   4.15     35 
   4.04     36 
   3.94     37 
   3.86     38 
   3.73     39 
   3.65     40 
   3.55     41 
   3.44     42 
   3.37     43 
   3.30     44 
   3.23     45 
   3.13     46 
   3.08     47 
   3.05     48 
   2.98     49 
   2.90     50 
   2.81     51 
   2.77     52 
   2.70     53 
   2.61     54 
   2.52     55 
   2.47     56 
   2.39     57 
   2.37     58 
   2.29     59 
   2.26     60 
   2.19     61 
   2.15     62 
   2.08     63 
   2.03     64 
   1.95     65 
   1.90     66 
   1.85     67 
   1.79     68 
   1.74     69 
   1.69     70 
   1.61     71 
   1.59     72 
   1.49     73 
   1.49     74 
   1.40     75 
   1.34     76 
   1.28     77 
   1.21     78 
   1.16     79 
   1.10     80 
   1.04     81 
   1.00     82 
   0.95     83 
   0.89     84 
   0.85     85 
   0.78     86 
   0.75     87 
   0.72     88 
   0.64     89 
   0.59     90 
   0.54     91 
   0.48     92 
   0.42     93 
   0.37     94 
   0.33     95 
   0.26     96 
   0.21     97 
   0.15     98 
   0.08     99 
   0.00    100 
   4.82      1 
   4.92      2 
   4.95      3 
   5.06      4 
   4.99      5 
   5.08      6 
   5.14      7 
   5.21      8 
   5.18      9 
   5.21     10 
   5.22     11 
   5.29     12 
   5.29     13 
   5.31     14 
   5.39     15 
   5.39     16 
   5.43     17 
   5.48     18 
   5.60     19 
   5.65     20 
   5.73     21 
   5.90     22 
   6.18     23 
   6.55     24 
   7.73     25 
   5.97     26 
   5.58     27 
   5.30     28 
   5.03     29 
   4.85     30 
   4.70     31 
   4.54     32 
   4.36     33 
   4.23     34 
   4.12     35 
   4.06     36 
   3.92     37 
   3.84     38 
   3.75     39 
   3.64     40 
   3.56     41 
   3.52     42 
   3.43     43 
   3.35     44 
   3.28     45 
   3.19     46 
   3.17     47 
   3.08     48 
   3.03     49 
   2.97     50 
   2.92     51 
   2.83     52 
   2.76     53 
   2.69     54 
   2.61     55 
   2.55     56 
   2.48     57 
   2.43     58 
   2.36     59 
   2.32     60 
   2.27     61 
   2.20     62 
   2.14     63 
   2.08     64 
   2.03     65 
   1.96     66 
   1.88     67 
   1.82     68 
   1.74     69 
   1.70     70 
   1.65     71 
   1.59     72 
   1.54     73 
   1.48     74 
   1.44     75 
   1.35     76 
   1.31     77 
   1.26     78 
   1.20     79 
   1.13     80 
   1.07     81 
   1.03     82 
   0.97     83 
   0.92     84 
   0.88     85 
   0.82     86 
   0.76     87 
   0.69     88 
   0.64     89 
   0.59     90 
   0.54     91 
   0.48     92 
   0.44     93 
   0.37     94 
   0.33     95 
   0.30     96 
   0.22     97 
   0.17     98 
   0.09     99 
   0.00    100 
   4.51      1 
   4.63      2 
   4.65      3 
   4.70      4 
   4.81      5 
   4.89      6 
   4.92      7 
   4.94      8 
   4.94      9 
   4.98     10 
   4.95     11 
   5.00     12 
   5.06     13 
   5.04     14 
   5.15     15 
   5.17     16 
   5.17     17 
   5.25     18 
   5.36     19 
   5.44     20 
   5.44     21 
   5.59     22 
   5.70     23 
   6.01     24 
   6.34     25 
   7.51     26 
   5.74     27 
   5.35     28 
   5.13     29 
   4.92     30 
   4.70     31 
   4.56     32 
   4.45     33 
   4.29     34 
   4.19     35 
   4.07     36 
   3.95     37 
   3.83     38 
   3.79     39 
   3.68     40 
   3.60     41 
   3.55     42 
   3.48     43 
   3.38     44 
   3.30     45 
   3.24     46 
   3.15     47 
   3.09     48 
   3.05     49 
   2.96     50 
   2.89     51 
   2.83     52 
   2.80     53 
   2.71     54 
   2.62     55 
   2.56     56 
   2.47     57 
   2.43     58 
   2.36     59 
   2.33     60 
   2.26     61 
   2.20     62 
   2.12     63 
   2.07     64 
   2.03     65 
   1.92     66 
   1.86     67 
   1.81     68 
   1.73     69 
   1.69     70 
   1.65     71 
   1.57     72 
   1.53     73 
   1.48     74 
   1.40     75 
   1.34     76 
   1.30     77 
   1.22     78 
   1.16     79 
   1.10     80 
   1.08     81 
   1.01     82 
   0.94     83 
   0.90     84 
   0.85     85 
   0.81     86 
   0.75     87 
   0.71     88 
   0.65     89 
   0.62     90 
   0.57     91 
   0.51     92 
   0.45     93 
   0.41     94 
   0.37     95 
   0.30     96 
   0.24     97 
   0.18     98 
   0.09     99 
   0.00    100 
   4.50      1 
   4.49      2 
   4.49      3 
   4.58      4 
   4.62      5 
   4.58      6 
   4.64      7 
   4.69      8 
   4.73      9 
   4.77     10 
   4.81     11 
   4.80     12 
   4.86     13 
   4.84     14 
   4.90     15 
   4.92     16 
   4.93     17 
   4.96     18 
   5.04     19 
   5.08     20 
   5.18     21 
   5.31     22 
   5.37     23 
   5.52     24 
   5.77     25 
   6.09     26 
   7.28     27 
   5.59     28 
   5.18     29 
   4.94     30 
   4.72     31 
   4.59     32 
   4.42     33 
   4.32     34 
   4.17     35 
   4.05     36 
   3.95     37 
   3.83     38 
   3.73     39 
   3.64     40 
   3.60     41 
   3.51     42 
   3.39     43 
   3.30     44 
   3.25     45 
   3.19     46 
   3.12     47 
   3.05     48 
   3.00     49 
   2.89     50 
   2.84     51 
   2.76     52 
   2.71     53 
   2.65     54 
   2.56     55 
   2.49     56 
   2.41     57 
   2.37     58 
   2.29     59 
   2.23     60 
   2.16     61 
   2.11     62 
   2.04     63 
   1.98     64 
   1.91     65 
   1.89     66 
   1.80     67 
   1.76     68 
   1.69     69 
   1.68     70 
   1.57     71 
   1.53     72 
   1.48     73 
   1.41     74 
   1.36     75 
   1.31     76 
   1.25     77 
   1.21     78 
   1.13     79 
   1.08     80 
   1.03     81 
   0.97     82 
   0.92     83 
   0.85     84 
   0.83     85 
   0.77     86 
   0.75     87 
   0.70     88 
   0.66     89 
   0.61     90 
   0.55     91 
   0.50     92 
   0.46     93 
   0.40     94 
   0.35     95 
   0.29     96 
   0.23     97 
   0.17     98 
   0.09     99 
   0.00    100 
   4.58      1 
   4.58      2 
   4.57      3 
   4.58      4 
   4.63      5 
   4.62      6 
   4.62      7 
   4.66      8 
   4.68      9 
   4.68     10 
   4.76     11 
   4.79     12 
   4.82     13 
   4.88     14 
   4.89     15 
   4.91     16 
   4.97     17 
   4.95     18 
   4.98     19 
   5.02     20 
   5.08     21 
   5.12     22 
   5.17     23 
   5.25     24 
   5.44     25 
   5.66     26 
   6.04     27 
   7.24     28 
   5.54     29 
   5.16     30 
   4.91     31 
   4.74     32 
   4.52     33 
   4.37     34 
   4.29     35 
   4.14     36 
   3.99     37 
   3.93     38 
   3.85     39 
   3.78     40 
   3.67     41 
   3.58     42 
   3.48     43 
   3.39     44 
   3.30     45 
   3.21     46 
   3.16     47 
   3.10     48 
   3.07     49 
   3.01     50 
   2.89     51 
   2.84     52 
   2.77     53 
   2.68     54 
   2.63     55 
   2.54     56 
   2.43     57 
   2.38     58 
   2.31     59 
   2.25     60 
   2.17     61 
   2.16     62 
   2.09     63 
   2.05     64 
   2.01     65 
   1.93     66 
   1.87     67 
   1.80     68 
   1.75     69 
   1.68     70 
   1.63     71 
   1.58     72 
   1.54     73 
   1.49     74 
   1.42     75 
   1.31     76 
   1.28     77 
   1.22     78 
   1.17     79 
   1.11     80 
   1.08     81 
   1.03     82 
   0.97     83 
   0.91     84 
   0.87     85 
   0.81     86 
   0.75     87 
   0.71     88 
   0.68     89 
   0.61     90 
   0.56     91 
   0.49     92 
   0.46     93 
   0.41     94 
   0.36     95 
   0.31     96 
   0.25     97 
   0.19     98 
   0.11     99 
   0.00    100 
   4.23      1 
   4.27      2 
   4.31      3 
   4.48      4 
   4.47      5 
   4.51      6 
   4.46      7 
   4.43      8 
   4.51      9 
   4.54     10 
   4.66     11 
   4.67     12 
   4.67     13 
   4.72     14 
   4.67     15 
   4.70     16 
   4.74     17 
   4.76     18 
   4.77     19 
   4.79     20 
   4.85     21 
   4.88     22 
   5.00     23 
   5.05     24 
   5.14     25 
   5.28     26 
   5.56     27 
   5.86     28 
   7.04     29 
   5.34     30 
   4.94     31 
   4.70     32 
   4.55     33 
   4.39     34 
   4.30     35 
   4.16     36 
   4.05     37 
   3.91     38 
   3.83     39 
   3.74     40 
   3.68     41 
   3.57     42 
   3.47     43 
   3.42     44 
   3.32     45 
   3.27     46 
   3.17     47 
   3.13     48 
   3.03     49 
   2.99     50 
   2.91     51 
   2.84     52 
   2.81     53 
   2.71     54 
   2.62     55 
   2.55     56 
   2.50     57 
   2.44     58 
   2.37     59 
   2.27     60 
   2.22     61 
   2.16     62 
   2.12     63 
   2.05     64 
   1.99     65 
   1.92     66 
   1.89     67 
   1.81     68 
   1.77     69 
   1.73     70 
   1.67     71 
   1.60     72 
   1.54     73 
   1.49     74 
   1.44     75 
   1.38     76 
   1.30     77 
   1.22     78 
   1.19     79 
   1.16     80 
   1.08     81 
   1.04     82 
   0.99     83 
   0.92     84 
   0.89     85 
   0.82     86 
   0.76     87 
   0.71     88 
   0.64     89 
   0.62     90 
   0.55     91 
   0.51     92 
   0.47     93 
   0.40     94 
   0.36     95 
   0.29     96 
   0.24     97 
   0.18     98 
   0.10     99 
   0.00    100 
   4.16      1 
   4.17      2 
   4.30      3 
   4.36      4 
   4.43      5 
   4.39      6 
   4.41      7 
   4.46      8 
   4.45      9 
   4.52     10 
   4.52     11 
   4.51     12 
   4.54     13 
   4.58     14 
   4.60     15 
   4.62     16 
   4.60     17 
   4.61     18 
   4.70     19 
   4.78     20 
   4.77     21 
   4.78     22 
   4.80     23 
   4.90     24 
   4.97     25 
   5.11     26 
   5.20     27 
   5.49     28 
   5.74     29 
   6.95     30 
   5.28     31 
   4.88     32 
   4.68     33 
   4.49     34 
   4.35     35 
   4.21     36 
   4.09     37 
   3.99     38 
   3.83     39 
   3.74     40 
   3.64     41 
   3.53     42 
   3.48     43 
   3.37     44 
   3.30     45 
   3.24     46 
   3.16     47 
   3.10     48 
   3.05     49 
   2.98     50 
   2.90     51 
   2.82     52 
   2.78     53 
   2.72     54 
   2.63     55 
   2.59     56 
   2.51     57 
   2.45     58 
   2.36     59 
   2.32     60 
   2.26     61 
   2.23     62 
   2.14     63 
   2.07     64 
   2.03     65 
   1.95     66 
   1.89     67 
   1.81     68 
   1.78     69 
   1.71     70 
   1.66     71 
   1.58     72 
   1.55     73 
   1.47     74 
   1.44     75 
   1.39     76 
   1.31     77 
   1.26     78 
   1.20     79 
   1.11     80 
   1.09     81 
   1.02     82 
   0.96     83 
   0.93     84 
   0.87     85 
   0.84     86 
   0.79     87 
   0.74     88 
   0.69     89 
   0.63     90 
   0.59     91 
   0.54     92 
   0.49     93 
   0.43     94 
   0.37     95 
   0.33     96 
   0.25     97 
   0.17     98 
   0.11     99 
   0.00    100 
   4.08      1 
   4.21      2 
   4.23      3 
   4.23      4 
   4.25      5 
   4.26      6 
   4.36      7 
   4.40      8 
   4.40      9 
   4.38     10 
   4.41     11 
   4.42     12 
   4.43     13 
   4.47     14 
   4.45     15 
   4.43     16 
   4.51     17 
   4.59     18 
   4.57     19 
   4.54     20 
   4.54     21 
   4.64     22 
   4.68     23 
   4.71     24 
   4.80     25 
   4.90     26 
   5.00     27 
   5.15     28 
   5.38     29 
   5.66     30 
   6.84     31 
   5.20     32 
   4.83     33 
   4.66     34 
   4.46     35 
   4.27     36 
   4.11     37 
   3.97     38 
   3.86     39 
   3.72     40 
   3.65     41 
   3.55     42 
   3.47     43 
   3.38     44 
   3.33     45 
   3.28     46 
   3.18     47 
   3.12     48 
   3.05     49 
   2.97     50 
   2.94     51 
   2.82     52 
   2.76     53 
   2.68     54 
   2.60     55 
   2.57     56 
   2.48     57 
   2.38     58 
   2.36     59 
   2.31     60 
   2.23     61 
   2.15     62 
   2.10     63 
   2.05     64 
   1.94     65 
   1.92     66 
   1.83     67 
   1.76     68 
   1.72     69 
   1.70     70 
   1.63     71 
   1.59     72 
   1.53     73 
   1.46     74 
   1.40     75 
   1.36     76 
   1.28     77 
   1.22     78 
   1.17     79 
   1.11     80 
   1.04     81 
   1.01     82 
   0.96     83 
   0.92     84 
   0.87     85 
   0.81     86 
   0.75     87 
   0.71     88 
   0.66     89 
   0.60     90 
   0.53     91 
   0.49     92 
   0.42     93 
   0.40     94 
   0.35     95 
   0.28     96 
   0.22     97 
   0.16     98 
   0.09     99 
   0.00    100 
   4.00      1 
   4.00      2 
   4.03      3 
   4.10      4 
   4.15      5 
   4.15      6 
   4.18      7 
   4.21      8 
   4.21      9 
   4.20     10 
   4.18     11 
   4.23     12 
   4.25     13 
   4.33     14 
   4.27     15 
   4.31     16 
   4.35     17 
   4.40     18 
   4.44     19 
   4.46     20 
   4.42     21 
   4.46     22 
   4.51     23 
   4.55     24 
   4.58     25 
   4.68     26 
   4.70     27 
   4.82     28 
   4.98     29 
   5.24     30 
   5.54     31 
   6.63     32 
   5.02     33 
   4.68     34 
   4.43     35 
   4.23     36 
   4.08     37 
   3.97     38 
   3.83     39 
   3.70     40 
   3.65     41 
   3.55     42 
   3.45     43 
   3.37     44 
   3.25     45 
   3.20     46 
   3.16     47 
   3.04     48 
   2.96     49 
   2.88     50 
   2.83     51 
   2.76     52 
   2.71     53 
   2.66     54 
   2.57     55 
   2.52     56 
   2.48     57 
   2.42     58 
   2.33     59 
   2.30     60 
   2.22     61 
   2.13     62 
   2.07     63 
   2.01     64 
   1.96     65 
   1.89     66 
   1.85     67 
   1.77     68 
   1.73     69 
   1.67     70 
   1.62     71 
   1.57     72 
   1.53     73 
   1.45     74 
   1.38     75 
   1.34     76 
   1.25     77 
   1.22     78 
   1.15     79 
   1.10     80 
   1.05     81 
   0.99     82 
   0.98     83 
   0.90     84 
   0.87     85 
   0.80     86 
   0.73     87 
   0.70     88 
   0.66     89 
   0.58     90 
   0.54     91 
   0.51     92 
   0.46     93 
   0.42     94 
   0.35     95 
   0.30     96 
   0.24     97 
   0.18     98 
   0.09     99 
   0.00    100 
   3.83      1 
   3.81      2 
   3.87      3 
   3.84      4 
   3.94      5 
   4.02      6 
   4.04      7 
   4.01      8 
   4.01      9 
   4.02     10 
   4.03     11 
   4.04     12 
   4.08     13 
   4.08     14 
   4.12     15 
   4.15     16 
   4.16     17 
   4.15     18 
   4.21     19 
   4.21     20 
   4.26     21 
   4.34     22 
   4.38     23 
   4.40     24 
   4.46     25 
   4.51     26 
   4.59     27 
   4.64     28 
   4.71     29 
   4.85     30 
   5.10     31 
   5.40     32 
   6.56     33 
   4.96     34 
   4.63     35 
   4.43     36 
   4.26     37 
   4.07     38 
   3.94     39 
   3.84     40 
   3.76     41 
   3.67     42 
   3.55     43 
   3.47     44 
   3.41     45 
   3.31     46 
   3.21     47 
   3.15     48 
   3.08     49 
   2.98     50 
   2.93     51 
   2.88     52 
   2.81     53 
   2.70     54 
   2.64     55 
   2.59     56 
   2.57     57 
   2.48     58 
   2.37     59 
   2.33     60 
   2.27     61 
   2.19     62 
   2.12     63 
   2.06     64 
   1.99     65 
   1.94     66 
   1.87     67 
   1.80     68 
   1.73     69 
   1.70     70 
   1.64     71 
   1.58     72 
   1.51     73 
   1.48     74 
   1.43     75 
   1.37     76 
   1.32     77 
   1.25     78 
   1.20     79 
   1.11     80 
   1.07     81 
   1.02     82 
   0.95     83 
   0.90     84 
   0.85     85 
   0.80     86 
   0.74     87 
   0.69     88 
   0.62     89 
   0.59     90 
   0.52     91 
   0.49     92 
   0.44     93 
   0.41     94 
   0.34     95 
   0.28     96 
   0.21     97 
   0.14     98 
   0.10     99 
   0.00    100 
   3.58      1 
   3.66      2 
   3.67      3 
   3.77      4 
   3.79      5 
   3.79      6 
   3.80      7 
   3.93      8 
   3.93      9 
   3.91     10 
   3.99     11 
   3.95     12 
   3.94     13 
   3.94     14 
   3.96     15 
   4.01     16 
   4.06     17 
   4.06     18 
   4.10     19 
   4.14     20 
   4.15     21 
   4.15     22 
   4.20     23 
   4.22     24 
   4.24     25 
   4.27     26 
   4.34     27 
   4.36     28 
   4.41     29 
   4.51     30 
   4.69     31 
   4.95     32 
   5.17     33 
   6.35     34 
   4.76     35 
   4.43     36 
   4.22     37 
   4.05     38 
   3.93     39 
   3.84     40 
   3.72     41 
   3.63     42 
   3.51     43 
   3.40     44 
   3.35     45 
   3.26     46 
   3.21     47 
   3.17     48 
   3.12     49 
   3.02     50 
   2.93     51 
   2.84     52 
   2.78     53 
   2.72     54 
   2.65     55 
   2.55     56 
   2.48     57 
   2.43     58 
   2.38     59 
   2.27     60 
   2.21     61 
   2.15     62 
   2.12     63 
   2.02     64 
   2.00     65 
   1.91     66 
   1.86     67 
   1.81     68 
   1.72     69 
   1.70     70 
   1.64     71 
   1.57     72 
   1.51     73 
   1.45     74 
   1.43     75 
   1.33     76 
   1.31     77 
   1.26     78 
   1.20     79 
   1.15     80 
   1.07     81 
   1.01     82 
   0.98     83 
   0.92     84 
   0.86     85 
   0.81     86 
   0.75     87 
   0.72     88 
   0.66     89 
   0.63     90 
   0.56     91 
   0.52     92 
   0.46     93 
   0.42     94 
   0.35     95 
   0.30     96 
   0.22     97 
   0.16     98 
   0.11     99 
   0.00    100 
   3.70      1 
   3.71      2 
   3.75      3 
   3.74      4 
   3.77      5 
   3.81      6 
   3.84      7 
   3.78      8 
   3.76      9 
   3.85     10 
   3.87     11 
   3.85     12 
   3.90     13 
   3.91     14 
   3.91     15 
   3.95     16 
   3.97     17 
   3.98     18 
   3.97     19 
   4.04     20 
   4.06     21 
   4.09     22 
   4.10     23 
   4.17     24 
   4.13     25 
   4.19     26 
   4.21     27 
   4.29     28 
   4.39     29 
   4.45     30 
   4.52     31 
   4.62     32 
   4.88     33 
   5.12     34 
   6.32     35 
   4.73     36 
   4.45     37 
   4.22     38 
   4.07     39 
   3.97     40 
   3.80     41 
   3.72     42 
   3.64     43 
   3.49     44 
   3.42     45 
   3.33     46 
   3.25     47 
   3.17     48 
   3.09     49 
   3.05     50 
   2.92     51 
   2.86     52 
   2.77     53 
   2.71     54 
   2.59     55 
   2.54     56 
   2.45     57 
   2.41     58 
   2.36     59 
   2.34     60 
   2.25     61 
   2.17     62 
   2.11     63 
   2.03     64 
   1.98     65 
   1.93     66 
   1.89     67 
   1.83     68 
   1.77     69 
   1.72     70 
   1.69     71 
   1.62     72 
   1.56     73 
   1.50     74 
   1.46     75 
   1.37     76 
   1.31     77 
   1.23     78 
   1.17     79 
   1.12     80 
   1.07     81 
   1.03     82 
   0.97     83 
   0.94     84 
   0.87     85 
   0.81     86 
   0.75     87 
   0.74     88 
   0.65     89 
   0.60     90 
   0.56     91 
   0.51     92 
   0.46     93 
   0.40     94 
   0.36     95 
   0.29     96 
   0.24     97 
   0.17     98 
   0.11     99 
   0.00    100 
   3.57      1 
   3.60      2 
   3.61      3 
   3.73      4 
   3.75      5 
   3.81      6 
   3.87      7 
   3.84      8 
   3.85      9 
   3.93     10 
   3.88     11 
   3.88     12 
   3.84     13 
   3.86     14 
   3.92     15 
   3.93     16 
   3.89     17 
   3.91     18 
   3.90     19 
   3.89     20 
   4.00     21 
   4.02     22 
   4.08     23 
   4.08     24 
   4.09     25 
   4.11     26 
   4.15     27 
   4.18     28 
   4.27     29 
   4.32     30 
   4.35     31 
   4.48     32 
   4.56     33 
   4.83     34 
   5.07     35 
   6.25     36 
   4.70     37 
   4.38     38 
   4.13     39 
   4.01     40 
   3.87     41 
   3.77     42 
   3.62     43 
   3.53     44 
   3.43     45 
   3.32     46 
   3.26     47 
   3.18     48 
   3.11     49 
   3.07     50 
   2.95     51 
   2.87     52 
   2.79     53 
   2.72     54 
   2.65     55 
   2.58     56 
   2.53     57 
   2.44     58 
   2.39     59 
   2.30     60 
   2.26     61 
   2.22     62 
   2.14     63 
   2.09     64 
   2.00     65 
   1.94     66 
   1.87     67 
   1.83     68 
   1.80     69 
   1.72     70 
   1.68     71 
   1.63     72 
   1.58     73 
   1.50     74 
   1.43     75 
   1.36     76 
   1.29     77 
   1.25     78 
   1.18     79 
   1.14     80 
   1.08     81 
   1.06     82 
   0.99     83 
   0.93     84 
   0.87     85 
   0.81     86 
   0.76     87 
   0.72     88 
   0.67     89 
   0.63     90 
   0.57     91 
   0.52     92 
   0.46     93 
   0.39     94 
   0.36     95 
   0.30     96 
   0.25     97 
   0.19     98 
   0.10     99 
   0.00    100 
   3.52      1 
   3.50      2 
   3.60      3 
   3.60      4 
   3.55      5 
   3.64      6 
   3.66      7 
   3.68      8 
   3.65      9 
   3.67     10 
   3.70     11 
   3.70     12 
   3.64     13 
   3.67     14 
   3.68     15 
   3.66     16 
   3.70     17 
   3.72     18 
   3.73     19 
   3.73     20 
   3.75     21 
   3.76     22 
   3.79     23 
   3.85     24 
   3.92     25 
   3.89     26 
   3.89     27 
   3.99     28 
   4.00     29 
   4.07     30 
   4.14     31 
   4.19     32 
   4.25     33 
   4.41     34 
   4.66     35 
   4.85     36 
   6.04     37 
   4.53     38 
   4.25     39 
   4.05     40 
   3.88     41 
   3.76     42 
   3.64     43 
   3.48     44 
   3.43     45 
   3.34     46 
   3.26     47 
   3.21     48 
   3.13     49 
   3.04     50 
   2.94     51 
   2.88     52 
   2.79     53 
   2.70     54 
   2.66     55 
   2.55     56 
   2.48     57 
   2.42     58 
   2.35     59 
   2.30     60 
   2.23     61 
   2.17     62 
   2.11     63 
   2.02     64 
   1.98     65 
   1.91     66 
   1.87     67 
   1.81     68 
   1.78     69 
   1.72     70 
   1.67     71 
   1.62     72 
   1.57     73 
   1.49     74 
   1.43     75 
   1.38     76 
   1.32     77 
   1.27     78 
   1.20     79 
   1.13     80 
   1.08     81 
   1.04     82 
   0.98     83 
   0.91     84 
   0.87     85 
   0.82     86 
   0.79     87 
   0.73     88 
   0.68     89 
   0.61     90 
   0.54     91 
   0.52     92 
   0.47     93 
   0.43     94 
   0.34     95 
   0.29     96 
   0.23     97 
   0.18     98 
   0.10     99 
   0.00    100 
   3.32      1 
   3.32      2 
   3.37      3 
   3.32      4 
   3.40      5 
   3.43      6 
   3.35      7 
   3.35      8 
   3.48      9 
   3.50     10 
   3.47     11 
   3.47     12 
   3.52     13 
   3.51     14 
   3.56     15 
   3.60     16 
   3.60     17 
   3.65     18 
   3.74     19 
   3.75     20 
   3.70     21 
   3.73     22 
   3.79     23 
   3.78     24 
   3.78     25 
   3.79     26 
   3.83     27 
   3.84     28 
   3.90     29 
   3.94     30 
   4.02     31 
   4.06     32 
   4.11     33 
   4.21     34 
   4.33     35 
   4.55     36 
   4.75     37 
   5.98     38 
   4.46     39 
   4.18     40 
   4.00     41 
   3.83     42 
   3.68     43 
   3.61     44 
   3.46     45 
   3.36     46 
   3.24     47 
   3.20     48 
   3.14     49 
   3.06     50 
   2.96     51 
   2.89     52 
   2.84     53 
   2.73     54 
   2.63     55 
   2.56     56 
   2.53     57 
   2.44     58 
   2.38     59 
   2.32     60 
   2.27     61 
   2.19     62 
   2.13     63 
   2.07     64 
   2.01     65 
   1.91     66 
   1.88     67 
   1.82     68 
   1.79     69 
   1.74     70 
   1.68     71 
   1.63     72 
   1.57     73 
   1.53     74 
   1.45     75 
   1.38     76 
   1.30     77 
   1.24     78 
   1.20     79 
   1.13     80 
   1.09     81 
   1.02     82 
   0.96     83 
   0.89     84 
   0.85     85 
   0.79     86 
   0.75     87 
   0.70     88 
   0.65     89 
   0.58     90 
   0.53     91 
   0.49     92 
   0.46     93 
   0.39     94 
   0.32     95 
   0.26     96 
   0.22     97 
   0.16     98 
   0.10     99 
   0.00    100 
   3.23      1 
   3.28      2 
   3.33      3 
   3.35      4 
   3.32      5 
   3.35      6 
   3.34      7 
   3.36      8 
   3.39      9 
   3.37     10 
   3.40     11 
   3.37     12 
   3.41     13 
   3.42     14 
   3.45     15 
   3.46     16 
   3.48     17 
   3.50     18 
   3.56     19 
   3.56     20 
   3.54     21 
   3.60     22 
   3.60     23 
   3.61     24 
   3.64     25 
   3.66     26 
   3.65     27 
   3.63     28 
   3.72     29 
   3.72     30 
   3.75     31 
   3.85     32 
   3.89     33 
   3.98     34 
   4.08     35 
   4.16     36 
   4.37     37 
   4.60     38 
   5.80     39 
   4.29     40 
   4.02     41 
   3.87     42 
   3.69     43 
   3.54     44 
   3.41     45 
   3.32     46 
   3.26     47 
   3.18     48 
   3.09     49 
   3.03     50 
   2.90     51 
   2.82     52 
   2.77     53 
   2.65     54 
   2.63     55 
   2.57     56 
   2.47     57 
   2.40     58 
   2.30     59 
   2.28     60 
   2.18     61 
   2.12     62 
   2.06     63 
   2.01     64 
   1.91     65 
   1.87     66 
   1.82     67 
   1.77     68 
   1.70     69 
   1.65     70 
   1.58     71 
   1.55     72 
   1.50     73 
   1.44     74 
   1.40     75 
   1.33     76 
   1.26     77 
   1.22     78 
   1.17     79 
   1.09     80 
   1.04     81 
   0.98     82 
   0.94     83 
   0.89     84 
   0.85     85 
   0.81     86 
   0.76     87 
   0.73     88 
   0.66     89 
   0.61     90 
   0.57     91 
   0.49     92 
   0.46     93 
   0.40     94 
   0.35     95 
   0.29     96 
   0.23     97 
   0.17     98 
   0.08     99 
   0.00    100 
   3.32      1 
   3.38      2 
   3.36      3 
   3.34      4 
   3.38      5 
   3.48      6 
   3.49      7 
   3.51      8 
   3.53      9 
   3.47     10 
   3.50     11 
   3.57     12 
   3.61     13 
   3.63     14 
   3.60     15 
   3.65     16 
   3.64     17 
   3.63     18 
   3.64     19 
   3.64     20 
   3.65     21 
   3.65     22 
   3.66     23 
   3.69     24 
   3.70     25 
   3.75     26 
   3.77     27 
   3.80     28 
   3.79     29 
   3.87     30 
   3.90     31 
   3.97     32 
   3.97     33 
   3.99     34 
   4.05     35 
   4.19     36 
   4.29     37 
   4.49     38 
   4.70     39 
   5.92     40 
   4.34     41 
   4.11     42 
   3.93     43 
   3.76     44 
   3.61     45 
   3.52     46 
   3.42     47 
   3.30     48 
   3.20     49 
   3.13     50 
   3.06     51 
   2.98     52 
   2.89     53 
   2.81     54 
   2.76     55 
   2.64     56 
   2.59     57 
   2.51     58 
   2.46     59 
   2.37     60 
   2.34     61 
   2.24     62 
   2.19     63 
   2.11     64 
   2.03     65 
   1.99     66 
   1.93     67 
   1.86     68 
   1.79     69 
   1.78     70 
   1.70     71 
   1.62     72 
   1.57     73 
   1.52     74 
   1.45     75 
   1.39     76 
   1.32     77 
   1.29     78 
   1.23     79 
   1.15     80 
   1.10     81 
   1.04     82 
   0.98     83 
   0.91     84 
   0.88     85 
   0.81     86 
   0.77     87 
   0.73     88 
   0.66     89 
   0.62     90 
   0.56     91 
   0.50     92 
   0.47     93 
   0.40     94 
   0.34     95 
   0.29     96 
   0.25     97 
   0.18     98 
   0.10     99 
   0.00    100 
   3.25      1 
   3.30      2 
   3.22      3 
   3.27      4 
   3.34      5 
   3.33      6 
   3.39      7 
   3.41      8 
   3.32      9 
   3.37     10 
   3.37     11 
   3.37     12 
   3.40     13 
   3.39     14 
   3.41     15 
   3.44     16 
   3.45     17 
   3.44     18 
   3.45     19 
   3.46     20 
   3.47     21 
   3.48     22 
   3.45     23 
   3.52     24 
   3.55     25 
   3.59     26 
   3.56     27 
   3.57     28 
   3.62     29 
   3.65     30 
   3.62     31 
   3.67     32 
   3.70     33 
   3.77     34 
   3.80     35 
   3.88     36 
   3.96     37 
   4.08     38 
   4.29     39 
   4.49     40 
   5.69     41 
   4.22     42 
   3.95     43 
   3.78     44 
   3.64     45 
   3.49     46 
   3.42     47 
   3.30     48 
   3.23     49 
   3.12     50 
   3.01     51 
   2.91     52 
   2.86     53 
   2.76     54 
   2.70     55 
   2.60     56 
   2.55     57 
   2.47     58 
   2.39     59 
   2.32     60 
   2.29     61 
   2.19     62 
   2.10     63 
   2.05     64 
   2.01     65 
   1.94     66 
   1.88     67 
   1.83     68 
   1.78     69 
   1.71     70 
   1.64     71 
   1.60     72 
   1.54     73 
   1.48     74 
   1.45     75 
   1.37     76 
   1.33     77 
   1.27     78 
   1.22     79 
   1.15     80 
   1.09     81 
   1.04     82 
   0.98     83 
   0.92     84 
   0.87     85 
   0.82     86 
   0.79     87 
   0.72     88 
   0.69     89 
   0.64     90 
   0.56     91 
   0.52     92 
   0.48     93 
   0.44     94 
   0.36     95 
   0.32     96 
   0.25     97 
   0.17     98 
   0.10     99 
   0.00    100 
   3.05      1 
   3.14      2 
   3.12      3 
   3.12      4 
   3.14      5 
   3.17      6 
   3.14      7 
   3.15      8 
   3.20      9 
   3.22     10 
   3.22     11 
   3.21     12 
   3.26     13 
   3.27     14 
   3.25     15 
   3.29     16 
   3.36     17 
   3.41     18 
   3.41     19 
   3.39     20 
   3.37     21 
   3.39     22 
   3.42     23 
   3.43     24 
   3.48     25 
   3.53     26 
   3.54     27 
   3.59     28 
   3.60     29 
   3.64     30 
   3.64     31 
   3.67     32 
   3.66     33 
   3.74     34 
   3.77     35 
   3.83     36 
   3.87     37 
   3.95     38 
   4.08     39 
   4.28     40 
   4.45     41 
   5.68     42 
   4.18     43 
   3.90     44 
   3.77     45 
   3.60     46 
   3.48     47 
   3.42     48 
   3.29     49 
   3.18     50 
   3.12     51 
   2.98     52 
   2.92     53 
   2.79     54 
   2.74     55 
   2.67     56 
   2.56     57 
   2.50     58 
   2.45     59 
   2.36     60 
   2.32     61 
   2.25     62 
   2.17     63 
   2.12     64 
   2.09     65 
   2.01     66 
   1.93     67 
   1.90     68 
   1.84     69 
   1.78     70 
   1.73     71 
   1.63     72 
   1.59     73 
   1.51     74 
   1.48     75 
   1.41     76 
   1.36     77 
   1.30     78 
   1.22     79 
   1.15     80 
   1.09     81 
   1.05     82 
   1.00     83 
   0.95     84 
   0.90     85 
   0.85     86 
   0.80     87 
   0.74     88 
   0.69     89 
   0.63     90 
   0.59     91 
   0.51     92 
   0.47     93 
   0.42     94 
   0.35     95 
   0.30     96 
   0.23     97 
   0.18     98 
   0.12     99 
   0.00    100 
   2.95      1 
   2.98      2 
   3.04      3 
   3.02      4 
   3.11      5 
   3.16      6 
   3.21      7 
   3.21      8 
   3.17      9 
   3.16     10 
   3.18     11 
   3.23     12 
   3.23     13 
   3.22     14 
   3.25     15 
   3.29     16 
   3.24     17 
   3.24     18 
   3.30     19 
   3.31     20 
   3.39     21 
   3.39     22 
   3.39     23 
   3.40     24 
   3.41     25 
   3.40     26 
   3.44     27 
   3.43     28 
   3.44     29 
   3.50     30 
   3.51     31 
   3.51     32 
   3.53     33 
   3.55     34 
   3.57     35 
   3.65     36 
   3.72     37 
   3.78     38 
   3.84     39 
   3.98     40 
   4.17     41 
   4.32     42 
   5.53     43 
   4.07     44 
   3.81     45 
   3.65     46 
   3.50     47 
   3.38     48 
   3.27     49 
   3.16     50 
   3.06     51 
   3.00     52 
   2.91     53 
   2.82     54 
   2.74     55 
   2.65     56 
   2.59     57 
   2.50     58 
   2.42     59 
   2.33     60 
   2.24     61 
   2.19     62 
   2.13     63 
   2.07     64 
   2.04     65 
   1.95     66 
   1.90     67 
   1.82     68 
   1.77     69 
   1.72     70 
   1.69     71 
   1.60     72 
   1.53     73 
   1.46     74 
   1.43     75 
   1.36     76 
   1.29     77 
   1.27     78 
   1.19     79 
   1.17     80 
   1.09     81 
   1.04     82 
   0.97     83 
   0.92     84 
   0.89     85 
   0.83     86 
   0.78     87 
   0.72     88 
   0.67     89 
   0.64     90 
   0.59     91 
   0.52     92 
   0.48     93 
   0.42     94 
   0.36     95 
   0.28     96 
   0.24     97 
   0.18     98 
   0.10     99 
   0.00    100 
   2.89      1 
   2.89      2 
   2.95      3 
   2.96      4 
   2.99      5 
   3.02      6 
   3.06      7 
   3.08      8 
   3.09      9 
   3.14     10 
   3.17     11 
   3.14     12 
   3.15     13 
   3.14     14 
   3.19     15 
   3.20     16 
   3.24     17 
   3.27     18 
   3.28     19 
   3.28     20 
   3.30     21 
   3.30     22 
   3.38     23 
   3.34     24 
   3.34     25 
   3.35     26 
   3.36     27 
   3.37     28 
   3.37     29 
   3.39     30 
   3.41     31 
   3.43     32 
   3.43     33 
   3.42     34 
   3.48     35 
   3.49     36 
   3.55     37 
   3.64     38 
   3.64     39 
   3.71     40 
   3.87     41 
   4.03     42 
   4.16     43 
   5.35     44 
   3.94     45 
   3.68     46 
   3.52     47 
   3.41     48 
   3.25     49 
   3.13     50 
   3.08     51 
   2.97     52 
   2.86     53 
   2.79     54 
   2.72     55 
   2.62     56 
   2.55     57 
   2.49     58 
   2.40     59 
   2.36     60 
   2.28     61 
   2.20     62 
   2.16     63 
   2.07     64 
   1.98     65 
   1.95     66 
   1.89     67 
   1.82     68 
   1.75     69 
   1.71     70 
   1.66     71 
   1.60     72 
   1.53     73 
   1.49     74 
   1.40     75 
   1.39     76 
   1.29     77 
   1.24     78 
   1.19     79 
   1.09     80 
   1.07     81 
   1.02     82 
   0.97     83 
   0.91     84 
   0.87     85 
   0.80     86 
   0.76     87 
   0.71     88 
   0.66     89 
   0.64     90 
   0.57     91 
   0.53     92 
   0.47     93 
   0.44     94 
   0.37     95 
   0.30     96 
   0.23     97 
   0.17     98 
   0.09     99 
   0.00    100 
   2.95      1 
   3.00      2 
   3.02      3 
   3.07      4 
   3.07      5 
   3.07      6 
   3.11      7 
   3.12      8 
   3.13      9 
   3.15     10 
   3.23     11 
   3.20     12 
   3.20     13 
   3.22     14 
   3.23     15 
   3.23     16 
   3.21     17 
   3.20     18 
   3.18     19 
   3.20     20 
   3.20     21 
   3.20     22 
   3.23     23 
   3.27     24 
   3.28     25 
   3.25     26 
   3.25     27 
   3.30     28 
   3.30     29 
   3.31     30 
   3.32     31 
   3.33     32 
   3.39     33 
   3.43     34 
   3.45     35 
   3.45     36 
   3.45     37 
   3.48     38 
   3.57     39 
   3.63     40 
   3.68     41 
   3.80     42 
   3.97     43 
   4.16     44 
   5.29     45 
   3.88     46 
   3.64     47 
   3.49     48 
   3.32     49 
   3.19     50 
   3.12     51 
   2.98     52 
   2.87     53 
   2.81     54 
   2.71     55 
   2.63     56 
   2.58     57 
   2.48     58 
   2.42     59 
   2.37     60 
   2.28     61 
   2.23     62 
   2.14     63 
   2.08     64 
   2.01     65 
   1.96     66 
   1.92     67 
   1.83     68 
   1.76     69 
   1.73     70 
   1.67     71 
   1.58     72 
   1.53     73 
   1.47     74 
   1.41     75 
   1.33     76 
   1.32     77 
   1.27     78 
   1.22     79 
   1.15     80 
   1.06     81 
   1.03     82 
   0.97     83 
   0.93     84 
   0.88     85 
   0.83     86 
   0.78     87 
   0.74     88 
   0.65     89 
   0.61     90 
   0.55     91 
   0.52     92 
   0.46     93 
   0.39     94 
   0.34     95 
   0.29     96 
   0.23     97 
   0.15     98 
   0.09     99 
   0.00    100 
   2.84      1 
   2.85      2 
   2.89      3 
   2.87      4 
   2.92      5 
   2.93      6 
   2.98      7 
   2.95      8 
   3.02      9 
   3.00     10 
   3.02     11 
   3.04     12 
   3.02     13 
   3.03     14 
   3.06     15 
   3.07     16 
   3.04     17 
   3.07     18 
   3.09     19 
   3.10     20 
   3.12     21 
   3.09     22 
   3.12     23 
   3.16     24 
   3.16     25 
   3.16     26 
   3.16     27 
   3.19     28 
   3.19     29 
   3.24     30 
   3.23     31 
   3.28     32 
   3.32     33 
   3.32     34 
   3.32     35 
   3.34     36 
   3.35     37 
   3.40     38 
   3.40     39 
   3.43     40 
   3.49     41 
   3.64     42 
   3.72     43 
   3.92     44 
   4.06     45 
   5.29     46 
   3.81     47 
   3.64     48 
   3.42     49 
   3.30     50 
   3.13     51 
   3.05     52 
   2.95     53 
   2.81     54 
   2.73     55 
   2.64     56 
   2.58     57 
   2.49     58 
   2.44     59 
   2.36     60 
   2.31     61 
   2.22     62 
   2.12     63 
   2.10     64 
   2.02     65 
   1.97     66 
   1.89     67 
   1.82     68 
   1.76     69 
   1.70     70 
   1.65     71 
   1.59     72 
   1.51     73 
   1.47     74 
   1.43     75 
   1.35     76 
   1.29     77 
   1.23     78 
   1.20     79 
   1.15     80 
   1.08     81 
   1.01     82 
   0.96     83 
   0.90     84 
   0.85     85 
   0.80     86 
   0.75     87 
   0.70     88 
   0.66     89 
   0.60     90 
   0.54     91 
   0.50     92 
   0.45     93 
   0.40     94 
   0.35     95 
   0.29     96 
   0.23     97 
   0.15     98 
   0.10     99 
   0.00    100 
   2.85      1 
   2.86      2 
   2.91      3 
   2.93      4 
   2.99      5 
   2.99      6 
   3.04      7 
   3.03      8 
   3.07      9 
   3.04     10 
   3.06     11 
   3.06     12 
   3.03     13 
   3.01     14 
   3.03     15 
   3.03     16 
   3.04     17 
   3.07     18 
   3.10     19 
   3.12     20 
   3.13     21 
   3.14     22 
   3.09     23 
   3.11     24 
   3.14     25 
   3.15     26 
   3.14     27 
   3.19     28 
   3.20     29 
   3.21     30 
   3.23     31 
   3.23     32 
   3.25     33 
   3.30     34 
   3.31     35 
   3.32     36 
   3.38     37 
   3.38     38 
   3.45     39 
   3.47     40 
   3.53     41 
   3.60     42 
   3.71     43 
   3.78     44 
   3.91     45 
   4.07     46 
   5.29     47 
   3.88     48 
   3.65     49 
   3.45     50 
   3.32     51 
   3.17     52 
   3.01     53 
   2.91     54 
   2.81     55 
   2.73     56 
   2.65     57 
   2.54     58 
   2.48     59 
   2.46     60 
   2.34     61 
   2.28     62 
   2.22     63 
   2.13     64 
   2.06     65 
   1.98     66 
   1.97     67 
   1.90     68 
   1.86     69 
   1.77     70 
   1.71     71 
   1.63     72 
   1.56     73 
   1.50     74 
   1.45     75 
   1.40     76 
   1.33     77 
   1.28     78 
   1.23     79 
   1.14     80 
   1.11     81 
   1.05     82 
   0.98     83 
   0.92     84 
   0.88     85 
   0.81     86 
   0.75     87 
   0.69     88 
   0.64     89 
   0.58     90 
   0.54     91 
   0.50     92 
   0.45     93 
   0.40     94 
   0.35     95 
   0.30     96 
   0.23     97 
   0.19     98 
   0.10     99 
   0.00    100 
   2.81      1 
   2.81      2 
   2.81      3 
   2.75      4 
   2.82      5 
   2.80      6 
   2.83      7 
   2.89      8 
   2.88      9 
   2.92     10 
   2.93     11 
   2.86     12 
   2.97     13 
   3.00     14 
   2.97     15 
   3.05     16 
   3.03     17 
   3.05     18 
   3.08     19 
   3.06     20 
   3.04     21 
   3.06     22 
   3.07     23 
   3.08     24 
   3.05     25 
   3.08     26 
   3.09     27 
   3.07     28 
   3.09     29 
   3.13     30 
   3.12     31 
   3.10     32 
   3.10     33 
   3.16     34 
   3.18     35 
   3.19     36 
   3.24     37 
   3.23     38 
   3.25     39 
   3.31     40 
   3.33     41 
   3.41     42 
   3.45     43 
   3.51     44 
   3.62     45 
   3.79     46 
   3.94     47 
   5.12     48 
   3.68     49 
   3.47     50 
   3.33     51 
   3.13     52 
   3.02     53 
   2.89     54 
   2.83     55 
   2.70     56 
   2.66     57 
   2.54     58 
   2.48     59 
   2.42     60 
   2.34     61 
   2.26     62 
   2.21     63 
   2.15     64 
   2.08     65 
   1.99     66 
   1.93     67 
   1.89     68 
   1.81     69 
   1.77     70 
   1.69     71 
   1.64     72 
   1.58     73 
   1.51     74 
   1.47     75 
   1.39     76 
   1.33     77 
   1.27     78 
   1.23     79 
   1.15     80 
   1.12     81 
   1.03     82 
   1.00     83 
   0.95     84 
   0.88     85 
   0.83     86 
   0.77     87 
   0.72     88 
   0.66     89 
   0.61     90 
   0.59     91 
   0.48     92 
   0.43     93 
   0.39     94 
   0.35     95 
   0.30     96 
   0.22     97 
   0.15     98 
   0.10     99 
   0.00    100 
   2.62      1 
   2.65      2 
   2.62      3 
   2.65      4 
   2.64      5 
   2.67      6 
   2.75      7 
   2.76      8 
   2.71      9 
   2.72     10 
   2.76     11 
   2.82     12 
   2.78     13 
   2.84     14 
   2.86     15 
   2.83     16 
   2.83     17 
   2.86     18 
   2.88     19 
   2.93     20 
   2.91     21 
   2.93     22 
   2.90     23 
   2.88     24 
   2.93     25 
   2.95     26 
   2.93     27 
   2.94     28 
   3.00     29 
   3.01     30 
   3.01     31 
   3.04     32 
   3.07     33 
   3.05     34 
   3.08     35 
   3.08     36 
   3.10     37 
   3.11     38 
   3.14     39 
   3.12     40 
   3.18     41 
   3.23     42 
   3.30     43 
   3.37     44 
   3.41     45 
   3.55     46 
   3.69     47 
   3.83     48 
   5.07     49 
   3.59     50 
   3.38     51 
   3.18     52 
   3.06     53 
   2.94     54 
   2.82     55 
   2.72     56 
   2.64     57 
   2.55     58 
   2.48     59 
   2.43     60 
   2.34     61 
   2.27     62 
   2.19     63 
   2.13     64 
   2.05     65 
   2.00     66 
   1.95     67 
   1.91     68 
   1.80     69 
   1.76     70 
   1.68     71 
   1.62     72 
   1.58     73 
   1.49     74 
   1.44     75 
   1.38     76 
   1.31     77 
   1.27     78 
   1.20     79 
   1.15     80 
   1.09     81 
   1.03     82 
   0.98     83 
   0.90     84 
   0.86     85 
   0.82     86 
   0.78     87 
   0.72     88 
   0.69     89 
   0.63     90 
   0.59     91 
   0.54     92 
   0.47     93 
   0.42     94 
   0.37     95 
   0.33     96 
   0.26     97 
   0.19     98 
   0.12     99 
   0.00    100 
   2.62      1 
   2.64      2 
   2.69      3 
   2.66      4 
   2.71      5 
   2.73      6 
   2.73      7 
   2.76      8 
   2.78      9 
   2.76     10 
   2.77     11 
   2.76     12 
   2.82     13 
   2.82     14 
   2.85     15 
   2.87     16 
   2.89     17 
   2.89     18 
   2.95     19 
   2.96     20 
   2.95     21 
   2.94     22 
   2.91     23 
   2.92     24 
   2.95     25 
   2.97     26 
   2.98     27 
   3.03     28 
   3.03     29 
   3.04     30 
   3.07     31 
   3.08     32 
   3.05     33 
   3.08     34 
   3.03     35 
   3.06     36 
   3.10     37 
   3.13     38 
   3.17     39 
   3.18     40 
   3.21     41 
   3.23     42 
   3.29     43 
   3.32     44 
   3.38     45 
   3.47     46 
   3.60     47 
   3.72     48 
   5.13     49 
   3.80     50 
   3.65     51 
   3.40     52 
   3.19     53 
   3.01     54 
   2.88     55 
   2.80     56 
   2.69     57 
   2.58     58 
   2.51     59 
   2.44     60 
   2.38     61 
   2.31     62 
   2.24     63 
   2.16     64 
